#
1.0  6.49530651  6.49530651  6.49530651  6.49530651  6.49530651  6.49530651    6.49530651  6.49530651  6.49530651  6.49530651  6.49530651  6.49530651    6.49530651  6.49530651  6.49530651  6.49530651  0.          0.    0.          0.          0.          0.          0.          0.    0.          0.          0.          5.42739592  5.42739592  5.42739592    5.42739592  5.42739592  5.42739592  5.42739592  5.42739592  5.42739592    5.42739592  5.42739592  5.42739592 10.4327699   5.42739592  5.42739592   40.         32.03357618 29.60908667
1.0  0.          0.          0.          0.          0.          0.    0.          0.          0.          0.          0.          0.    0.          0.          0.          0.          0.          0.    0.          0.          0.          0.          0.          0.    0.          0.74541059  0.74541059  9.02328619  9.02328619  9.02328619    9.02328619  9.02328619  9.02328619  9.02328619  9.02328619  9.02328619    9.02328619 17.25104792 17.25104792 17.25104792 40.         38.8759398 
1.0  0.          0.          0.          0.          0.          0.    0.          0.          0.          0.          0.          0.    0.          0.          0.          0.          0.          0.    0.          0.          0.          0.          0.          0.    0.          0.          0.          0.          0.          0.    0.          0.          0.          0.          0.          0.    1.52683284  1.52683284 40.        
1.0  0.          0.          0.          0.          0.          0.    0.          0.          0.          0.          0.          0.    0.          0.          0.          0.          0.          0.    0.          0.          0.          0.          0.          0.   40.         40.         26.11096728  9.23061109  9.23061109  0.57172428    0.57172428  0.57172428  8.83341968  8.83341968  8.83341968
1.0  0.  0.  0.  0.  0.  0.  0.  0.  0.  0.  0.  0.  0.  0.  0.  0.  0.  0.    0.  0.  0.  0.  0.  0.  0.  0.  0.  0.  0.  0.  0.  0.  0.  0. 40. 40.   40.
1.0  0.          0.          0.          0.          0.          0.    0.          0.          0.          0.          0.          0.    0.          0.          0.          0.          0.          0.    0.          0.          0.          0.          0.          0.    0.          0.          0.          0.          0.          0.    0.          0.          0.          0.          0.          0.    0.07882882  0.07882882  0.07882882 40.          0.          0.    0.          0.7105968 
1.0  0.          0.          0.          0.          0.          0.    0.          0.          0.          0.          0.          0.    0.          0.          0.          0.          0.          0.    0.          0.          0.          0.          0.          0.    0.          0.          0.          0.          0.          0.    0.          0.          0.          0.          0.          0.    1.71614665  0.          0.          1.71614665  1.71614665  1.71614665    1.71614665 40.          8.83170915 10.43530661  8.83170915
1.0  0.          0.          0.          0.          0.          0.    0.          0.          0.          0.          0.          0.    0.          0.          0.          0.          0.          0.    0.          0.          0.          0.          0.          0.    0.          0.          0.          0.          0.          0.    0.          0.          0.          0.         34.78670592 37.37081936   37.37081936 37.37081936 29.91782739 29.91782739 40.        
1.0 13.8968577 13.8968577 13.8968577 13.8968577 13.8968577 13.8968577   13.8968577 13.8968577 13.8968577 13.8968577 13.8968577 13.8968577   13.8968577 13.8968577  0.         0.        40.         0.    0.         0.         0.         0.         0.         0.    0.         0.         0.         0.         0.         0.    0.         0.         0.         0.         0.         0.    0.         0.         0.         0.         0.         0.    0.         0.         0.       
1.0  0.          0.          0.          0.          0.          0.    0.          0.          0.          0.          0.          0.    0.          0.          0.          0.          0.          0.    0.          0.          0.          0.          0.          0.    0.          0.          0.          0.          0.          0.    0.          0.          0.          0.          0.          0.    0.         14.91719511  7.80221885  7.80221885  7.80221885  7.80221885    7.80221885 28.2046938  20.6990321  21.15702132 21.15702132 40.   40.          0.29809017  0.          0.          0.          9.12916924
1.0 0.00000000e+00 0.00000000e+00 0.00000000e+00 0.00000000e+00   0.00000000e+00 0.00000000e+00 0.00000000e+00 0.00000000e+00   0.00000000e+00 0.00000000e+00 0.00000000e+00 0.00000000e+00   0.00000000e+00 0.00000000e+00 0.00000000e+00 0.00000000e+00   0.00000000e+00 0.00000000e+00 0.00000000e+00 0.00000000e+00   0.00000000e+00 0.00000000e+00 0.00000000e+00 0.00000000e+00   3.01177667e+00 0.00000000e+00 0.00000000e+00 0.00000000e+00   0.00000000e+00 0.00000000e+00 0.00000000e+00 0.00000000e+00   0.00000000e+00 0.00000000e+00 0.00000000e+00 0.00000000e+00   1.51295914e-02 1.51295914e-02 1.51295914e-02 1.51295914e-02   1.51295914e-02 1.51295914e-02 1.51295914e-02 1.51295914e-02   1.51295914e-02 1.51295914e-02 1.51295914e-02 1.51295914e-02   1.38238696e+01 1.38238696e+01 2.81908980e+01 4.00000000e+01   1.38591070e+01 1.38591070e+01 1.38591070e+01 1.38591070e+01   2.44218249e+01
1.0  0.          0.          0.          0.          0.          0.    0.          0.          0.          0.          0.          0.    0.          0.          0.          0.          0.          0.    0.          0.          0.          0.          0.          0.    0.          0.          0.          0.          0.          0.    6.81810253  6.81810253  0.          0.          0.          0.    0.          0.          0.          0.          0.          0.    0.         40.        
1.0 0.00000000e+00 0.00000000e+00 0.00000000e+00 0.00000000e+00   0.00000000e+00 0.00000000e+00 0.00000000e+00 0.00000000e+00   0.00000000e+00 0.00000000e+00 0.00000000e+00 0.00000000e+00   0.00000000e+00 0.00000000e+00 0.00000000e+00 0.00000000e+00   0.00000000e+00 0.00000000e+00 0.00000000e+00 0.00000000e+00   0.00000000e+00 0.00000000e+00 0.00000000e+00 0.00000000e+00   0.00000000e+00 0.00000000e+00 0.00000000e+00 0.00000000e+00   0.00000000e+00 0.00000000e+00 0.00000000e+00 0.00000000e+00   4.73498477e-03 4.73498477e-03 4.73498477e-03 4.73498477e-03   4.73498477e-03 4.73498477e-03 4.73498477e-03 7.51883504e-01   7.51883504e-01 7.51883504e-01 7.51883504e-01 7.51883504e-01   7.51883504e-01 4.00000000e+01
1.0 0. 0. 0. 0. 0. 0. 0. 0. 0. 0. 0. 0. 0. 0. 0. 0. 0. 0. 0. 0. 0. 0. 0. 0.   0. 0. 0. 0. 0. 0. 0. 0. 0. 0. 0. 0. 0. 0. 0. 0. 0. 0. 0. 0.
1.0  0.          0.          0.          0.          0.          0.    0.          0.          0.          0.          0.          0.    0.          0.          0.          0.          0.          0.    0.          0.          0.          0.          0.56579641  0.56579641    0.56579641  0.56579641  2.78590615  2.78590615  2.78590615  2.84727619    2.84727619  7.03129661  7.00988214 28.35453726 40.         40.   40.         16.77555756  2.78590615  3.8390234   3.8390234   7.02451671    0.          0.97139399  0.          0.          0.          0.    0.          0.          0.          0.          0.          0.19046763    0.19046763  0.19046763  0.21859374  0.          0.          0.    0.          0.          0.          0.          0.        
1.0  0.  0.  0.  0.  0.  0.  0.  0.  0.  0.  0.  0.  0.  0.  0.  0.  0.  0.    0.  0.  0.  0.  0.  0.  0.  0.  0.  0. 40. 40. 40. 40. 40. 40.
1.0 0.00000000e+00 0.00000000e+00 0.00000000e+00 0.00000000e+00   0.00000000e+00 0.00000000e+00 0.00000000e+00 0.00000000e+00   0.00000000e+00 0.00000000e+00 0.00000000e+00 0.00000000e+00   0.00000000e+00 0.00000000e+00 0.00000000e+00 0.00000000e+00   0.00000000e+00 0.00000000e+00 0.00000000e+00 2.31605150e-01   5.99042851e+00 5.99042851e+00 5.99042851e+00 5.99042851e+00   5.99042851e+00 5.99042851e+00 5.99042851e+00 5.99042851e+00   5.99042851e+00 5.99042851e+00 5.99042851e+00 5.99042851e+00   5.98478903e+00 5.98478903e+00 5.98478903e+00 2.58198661e-02   2.58198661e-02 2.58198661e-02 7.39005340e+00 7.39005340e+00   1.59576549e+01 2.37604908e+01 2.37893526e+01 2.37893526e+01   2.20246648e+01 3.89735937e+01 3.56527893e+01 3.56527893e+01   4.00000000e+01 1.76931470e+01 1.90159311e+01 1.63968583e+01   1.63968583e+01 1.63968583e+01 8.58514986e+00 8.58514986e+00   0.00000000e+00 2.58198661e-02 2.58198661e-02 2.58198661e-02   3.60308438e+00 4.85465841e-01 3.09441665e+00 3.09441665e+00   0.00000000e+00 0.00000000e+00 0.00000000e+00 0.00000000e+00
1.0 0.00000000e+00 0.00000000e+00 0.00000000e+00 0.00000000e+00   0.00000000e+00 0.00000000e+00 0.00000000e+00 0.00000000e+00   0.00000000e+00 0.00000000e+00 0.00000000e+00 0.00000000e+00   0.00000000e+00 0.00000000e+00 0.00000000e+00 0.00000000e+00   0.00000000e+00 0.00000000e+00 0.00000000e+00 0.00000000e+00   0.00000000e+00 0.00000000e+00 0.00000000e+00 0.00000000e+00   0.00000000e+00 0.00000000e+00 0.00000000e+00 0.00000000e+00   0.00000000e+00 0.00000000e+00 0.00000000e+00 0.00000000e+00   0.00000000e+00 0.00000000e+00 0.00000000e+00 0.00000000e+00   0.00000000e+00 1.02334631e+01 1.02334631e+01 4.67900606e+00   4.67900606e+00 0.00000000e+00 0.00000000e+00 0.00000000e+00   0.00000000e+00 0.00000000e+00 0.00000000e+00 0.00000000e+00   3.03962054e-02 3.03962054e-02 3.03962054e-02 3.03962054e-02   3.03962054e-02 4.00000000e+01 3.03962054e-02 3.03962054e-02   3.03962054e-02 3.03962054e-02 3.03962054e-02 3.03962054e-02   3.03962054e-02 3.03962054e-02 3.03962054e-02 3.03962054e-02   0.00000000e+00 0.00000000e+00 0.00000000e+00 0.00000000e+00   6.33435593e+00 6.33435593e+00 1.19663680e+01
1.0  0.          0.          0.          0.          0.          0.    0.          0.          0.          0.          0.          0.    0.          0.          0.          0.          0.          0.    0.          0.          0.          0.          0.          0.    0.          0.          0.          0.          0.          0.    0.          7.15783051  8.9783215   8.9783215   1.81748641  1.81748641    1.81748641  1.81748641  1.81748641  1.81748641  1.81748641  1.81748641    1.81748641  1.81748641  1.81748641 40.         13.40297824 38.98265942   38.98265942  1.75993492 22.02458354  5.32289072 13.18075699 15.31472469   15.31472469 15.31472469 18.15871756 17.1148193  16.84056164 30.9329859    6.41300081  2.28603728  5.61581396  5.61581396  4.91293206  4.33878764    4.52155401  4.52155401 17.22839422 17.22839422 17.7181378  12.90495826   16.00823861 16.00823861 16.00823861
1.0 0.00000000e+00 0.00000000e+00 0.00000000e+00 0.00000000e+00   0.00000000e+00 0.00000000e+00 0.00000000e+00 0.00000000e+00   0.00000000e+00 0.00000000e+00 0.00000000e+00 0.00000000e+00   0.00000000e+00 0.00000000e+00 0.00000000e+00 0.00000000e+00   0.00000000e+00 0.00000000e+00 0.00000000e+00 0.00000000e+00   0.00000000e+00 0.00000000e+00 0.00000000e+00 0.00000000e+00   0.00000000e+00 0.00000000e+00 0.00000000e+00 0.00000000e+00   0.00000000e+00 0.00000000e+00 0.00000000e+00 0.00000000e+00   0.00000000e+00 2.80422772e+00 2.80422772e+00 2.80422772e+00   3.34034555e+00 3.34034555e+00 2.22412416e+01 4.52141668e+00   4.52141668e+00 4.52141668e+00 4.52141668e+00 4.52141668e+00   4.52141668e+00 2.32570755e+01 4.52141668e+00 2.32570755e+01   1.95437257e+01 1.91309010e+01 2.17252313e+00 2.17252313e+00   2.17252313e+00 2.17252313e+00 2.17252313e+00 2.17252313e+00   2.17252313e+00 9.89645841e-01 9.89645841e-01 9.89645841e-01   0.00000000e+00 4.47962140e+00 1.95202323e-02 1.95202323e-02   1.24559254e+00 2.26315720e+00 2.46151202e+01 3.32543537e+01   3.18390731e+01 3.18390731e+01 4.00000000e+01 3.96626742e+01   2.35698720e+00 9.87805264e-01 9.87805264e-01 9.87805264e-01   9.87805264e-01 9.87805264e-01
1.0 11.99821911 32.04255011 32.04255011 32.04255011 32.04255011 32.04255011   40.         32.04255011 40.         40.         40.         40.   40.         40.         40.         40.         40.          7.92064353    7.92064353  0.          0.          0.          0.          0.    0.          0.          0.          0.          0.          0.    0.          0.          0.          0.          0.          0.    0.          0.          0.          0.          0.          0.    0.          0.          0.          0.          4.64155941  6.94596626    6.94596626  6.94596626 10.97541098  7.77675703  7.77675703  7.77675703    7.77675703  7.77675703  8.60879013 15.85130899 15.85130899 28.76269701   28.76269701 27.22073442 27.17744638 27.17744638 26.25862834 26.25862834   26.25862834 26.25862834 26.25862834 26.25862834 26.25862834
1.0  0.          0.          0.          0.          0.          0.    0.          9.36345037  9.36345037  9.36345037  9.36345037 40.   40.         40.         40.         40.         40.         40.   40.         33.65073764 30.06416198  0.92678633 30.06416198  0.36533625    0.36533625  0.36533625  0.          0.          0.          0.    0.          0.          0.          0.          0.          0.    0.          0.          0.          0.          0.          0.    0.          0.          0.          0.          1.45935025  1.45935025    1.45935025  1.45935025  1.45935025  1.45935025  1.45935025  1.45935025
1.0  0.  0.  0.  0.  0.  0.  0.  0.  0.  0.  0.  0.  0.  0.  0.  0.  0.  0.    0.  0.  0.  0.  0.  0.  0.  0.  0.  0.  0.  0.  0.  0.  0.  0.  0.  0.    0. 40. 40. 40. 40. 40. 40. 40. 40. 40. 40.
1.0  0.          0.          0.          0.08142027  0.08142027  0.08142027    0.08142027  0.08142027  0.08142027  0.08142027  0.08142027  0.08142027    0.08142027  0.08142027  0.08142027  0.08142027  0.08142027  0.08142027    0.08142027  0.08142027  0.          0.          0.          0.    6.33486481  6.33486481  6.33486481  6.33486481  6.33486481  6.33486481    6.33486481  6.33486481  6.33486481  6.33486481  6.33486481  6.33486481    6.33486481  6.33486481  6.33486481  6.33486481  6.33486481  0.    0.23851413  0.23851413  0.23851413  0.23851413  0.23851413  0.23851413    0.23851413  0.23851413  0.23851413  0.          0.          0.    0.          0.23850412  0.23850412  0.23850412  0.23850412  0.47700825    8.23690595  8.23690595  0.47700825  8.23690595  8.23690595 40.   40.         33.09086444 32.13077748 32.13077748 32.13077748 17.45493965
1.0  4.69230521  4.69230521  7.66222732  7.66222732  7.66222732  7.66222732    7.66222732  7.66222732  7.66222732  2.9650247   0.          0.    0.          0.          0.          0.          0.          0.    0.          0.          0.          0.          0.          0.    0.          0.          0.          0.          0.          0.    3.36153254  3.36153254  0.89557761  1.00093992  1.00093992 40.   40.         40.         40.         40.        
1.0  0.          0.          0.          0.          0.          0.    0.          0.          0.          0.          0.          0.    0.          0.          0.          0.          0.          0.    0.          0.          0.          0.          0.          0.    0.          0.          0.          0.          1.11723957  1.11723957    1.11723957  1.11723957  0.5434628   0.5434628   2.43649878  1.31534008    2.31586966  2.31586966  2.31586966  2.31586966  1.7766151   2.85970093    2.85970093  2.88315911  2.88315911  2.88315911  2.88315911  2.88315911    2.88315911  2.88315911  9.01134003  8.97431479  8.97016442  7.19231051   10.6232907  11.40297909 11.40297909  4.60333801  4.20500663  4.20500663    0.77567631 40.          0.50619954 38.58643633  2.83497835  2.40826618    1.96182286 16.84194651 29.36829102 32.2760557  32.2760557  32.2760557   33.05371278 29.73519903 16.04360951 16.04360951  1.18995798  1.18995798    1.18995798  1.18995798  1.18995798  1.18995798  1.18995798  1.18995798    1.92222072  0.        
1.0 0.00000000e+00 0.00000000e+00 0.00000000e+00 0.00000000e+00   0.00000000e+00 0.00000000e+00 0.00000000e+00 0.00000000e+00   0.00000000e+00 0.00000000e+00 0.00000000e+00 0.00000000e+00   0.00000000e+00 0.00000000e+00 0.00000000e+00 0.00000000e+00   0.00000000e+00 0.00000000e+00 0.00000000e+00 0.00000000e+00   0.00000000e+00 0.00000000e+00 0.00000000e+00 0.00000000e+00   0.00000000e+00 0.00000000e+00 2.51418637e+01 2.51418637e+01   2.51418637e+01 6.04848078e-01 1.84317641e-02 3.36915036e+00   3.36915036e+00 3.36915036e+00 3.36915036e+00 3.36915036e+00   3.36915036e+00 3.36915036e+00 3.36915036e+00 3.36915036e+00   3.36915036e+00 3.39567776e+00 2.73048738e-02 2.73048738e-02   2.73048738e-02 6.71838202e-02 6.71838202e-02 0.00000000e+00   0.00000000e+00 0.00000000e+00 0.00000000e+00 0.00000000e+00   0.00000000e+00 1.03337475e+00 0.00000000e+00 0.00000000e+00   0.00000000e+00 0.00000000e+00 0.00000000e+00 6.20551646e-01   6.20551646e-01 6.20551646e-01 6.20551646e-01 6.20551646e-01   0.00000000e+00 4.88869614e-01 4.88869614e-01 2.73048738e-02   3.33323057e-01 0.00000000e+00 2.82905607e-01 2.82905607e-01   4.40800311e-01 4.56941398e+00 4.56941398e+00 4.56941398e+00   4.00000000e+01 7.65461265e+00 7.37397844e+00 7.37397844e+00   3.19474163e+01 3.19474163e+01 3.19474163e+01 3.73717463e+01   1.33937283e+01 1.68207793e+01 9.57985773e+00 9.57985773e+00   3.23428690e+01 6.59242395e+00 8.25228457e+00 3.02414690e+00   3.02414690e+00 1.36872113e+00 2.32562586e+01 4.77205649e+00   2.40290262e+01 1.48985413e+01 1.48985413e+01 1.07097227e+01   1.07097227e+01 1.07097227e+01 1.07097227e+01 1.07097227e+01   7.37397083e+00 1.44649745e+01 9.03474080e+00 0.00000000e+00   0.00000000e+00 0.00000000e+00 0.00000000e+00 1.87183226e+01   0.00000000e+00 0.00000000e+00 5.29994569e-01 5.50510371e-01   3.83816228e+00 0.00000000e+00 6.90825374e+00 6.90825374e+00   6.90825374e+00 6.90825374e+00 6.90825374e+00 6.90825374e+00   6.90825374e+00 6.90825374e+00 5.74784743e+00
1.0 28.14319644 28.14319644 28.14319644 28.14319644 28.14319644 28.14319644   28.14319644 28.14319644 28.14319644 28.14319644 28.14319644 28.14319644   28.14319644 28.14319644  0.          0.          0.          0.    0.          0.          0.          0.          0.          0.    0.          0.          0.          0.          0.          0.    0.          0.          0.          0.          0.          0.    0.          0.          0.          0.          0.          0.    0.          0.          0.          0.          0.          3.13437856   15.42881749 38.73840991 38.73840991 38.73840991 38.73840991 38.73840991   38.73840991 40.         40.         24.11007506 24.11007506 24.11007506    8.06955031  8.06955031 18.98698665 18.98698665  9.76055054  8.43914358    0.41624421  0.41624421  0.41624421  0.41624421  0.41624421
1.0  0.          0.          0.          0.          0.08098181  0.08098181    0.08098181  0.08098181  0.08098181  0.08098181  0.08098181  0.08098181    0.08098181  0.08098181  0.08098181  0.08098181  0.08098181  0.08098181    0.08098181  0.08098181  0.08098181  0.          0.          0.    0.          0.          0.          0.          0.          0.    0.          0.          0.         33.36517933 33.36517933 33.36517933   33.36517933 40.         33.36517933 33.36517933 33.36517933 36.6211567   36.6211567  36.6211567  36.6211567  36.6211567  36.6211567  36.6211567   36.6211567 
1.0  0.          0.          0.          0.          0.          0.    0.          0.          0.          0.          0.          0.    0.          0.          0.          0.          0.          0.    0.          0.          0.          0.          0.          0.    0.          0.          0.          0.          1.28022498  1.28022498    1.28022498  1.28022498  1.28022498  1.28022498  1.28022498  1.28022498    1.28022498  1.28022498  1.28022498  1.28022498  1.28022498  1.28022498    1.28022498  1.28022498  0.          0.         22.04227061 22.04227061   22.04227061 22.04227061 22.04227061 22.04227061 40.        
1.0 0. 0. 0. 0. 0. 0. 0. 0. 0. 0. 0. 0. 0. 0. 0. 0. 0. 0. 0. 0. 0. 0. 0. 0.   0. 0. 0. 0. 0. 0. 0. 0. 0. 0. 0. 0. 0. 0. 0. 0. 0. 0. 0. 0. 0. 0. 0. 0.   0. 0. 0. 0. 0.
1.0 0.00000000e+00 0.00000000e+00 0.00000000e+00 0.00000000e+00   0.00000000e+00 0.00000000e+00 0.00000000e+00 7.60580272e+00   4.00000000e+01 4.00000000e+01 4.00000000e+01 4.00000000e+01   4.00000000e+01 4.00000000e+01 4.00000000e+01 4.00000000e+01   4.00000000e+01 4.00000000e+01 0.00000000e+00 4.00000000e+01   4.00000000e+01 4.00000000e+01 0.00000000e+00 4.00000000e+01   0.00000000e+00 0.00000000e+00 0.00000000e+00 0.00000000e+00   0.00000000e+00 0.00000000e+00 0.00000000e+00 0.00000000e+00   0.00000000e+00 0.00000000e+00 0.00000000e+00 0.00000000e+00   0.00000000e+00 0.00000000e+00 0.00000000e+00 0.00000000e+00   7.56357539e+00 8.35714944e+00 8.85799908e+00 1.04836773e+01   1.04836773e+01 1.04836773e+01 1.03599614e+01 1.04836773e+01   2.93482240e+01 2.93482240e+01 2.93482240e+01 3.00894462e+00   2.64116981e+00 2.64116981e+00 4.68347352e+00 1.15509016e+00   2.09397164e-01 3.82610218e+00 3.82610218e+00 3.82610218e+00   1.07442008e+01 1.07442008e+01 7.16736574e-01 1.07493886e+01   7.16736574e-01 7.16736574e-01 7.16736574e-01 7.16736574e-01   7.16567923e-01 0.00000000e+00 0.00000000e+00 0.00000000e+00   0.00000000e+00 0.00000000e+00 7.70543700e-01 7.67214308e-01   7.67214308e-01 7.67214308e-01 7.67214308e-01 7.67214308e-01   7.67214308e-01 3.13350831e+00 3.13350831e+00 2.36482086e+00   3.01979099e+00 1.00304308e+01 6.64790428e-01 6.64790428e-01   3.20251842e+00 3.20251842e+00 0.00000000e+00 0.00000000e+00   0.00000000e+00 0.00000000e+00 0.00000000e+00 0.00000000e+00   0.00000000e+00 6.44842066e-03 6.44842066e-03
1.0 0.00000000e+00 0.00000000e+00 0.00000000e+00 0.00000000e+00   0.00000000e+00 0.00000000e+00 0.00000000e+00 0.00000000e+00   0.00000000e+00 0.00000000e+00 0.00000000e+00 0.00000000e+00   0.00000000e+00 0.00000000e+00 0.00000000e+00 0.00000000e+00   0.00000000e+00 0.00000000e+00 0.00000000e+00 0.00000000e+00   0.00000000e+00 0.00000000e+00 0.00000000e+00 0.00000000e+00   0.00000000e+00 0.00000000e+00 0.00000000e+00 0.00000000e+00   0.00000000e+00 0.00000000e+00 0.00000000e+00 0.00000000e+00   0.00000000e+00 0.00000000e+00 0.00000000e+00 0.00000000e+00   0.00000000e+00 0.00000000e+00 0.00000000e+00 2.04413014e+00   2.04413014e+00 2.04413014e+00 1.88773694e+01 1.88773694e+01   1.88773694e+01 1.68645871e+01 1.68645871e+01 2.79888010e+01   4.00000000e+01 4.00000000e+01 2.58851945e+01 2.22811363e+01   1.34304144e+01 1.34304144e+01 1.34304144e+01 2.11673372e+01   1.34935356e+01 1.84142304e+01 1.83367912e+01 1.83367912e+01   1.83367912e+01 5.26669255e-01 3.96851559e-03 3.96851559e-03   1.23538681e+00 1.23716171e+00 1.23716171e+00 1.23716171e+00   1.23716171e+00 2.48232515e+00 2.48232515e+00 2.48232515e+00   5.17734702e+00 4.21368410e+00 4.21368410e+00 2.68964763e+00   0.00000000e+00 0.00000000e+00 0.00000000e+00 0.00000000e+00   0.00000000e+00 0.00000000e+00 0.00000000e+00 2.99238646e+01   2.99238646e+01 2.99238646e+01 2.99238646e+01 5.00024016e+00   0.00000000e+00 0.00000000e+00 0.00000000e+00 5.22616613e-01   5.22616613e-01 5.22616613e-01 0.00000000e+00 4.15964461e+00   4.15964461e+00
1.0  0.          0.          0.          0.          0.          0.    0.          0.          0.          0.          8.4145305   8.4145305    8.4145305   8.4145305   8.4145305   8.4145305   8.4145305   8.4145305    8.4145305   8.4145305   8.4145305   8.4145305   8.4145305   8.4145305    8.4145305   0.          0.          0.          0.          0.    0.          0.          0.          0.          0.          0.    0.          0.64690772  0.64690772  1.40715247  0.64690772  0.64690772    0.64690772  0.64690772  4.81035785  4.81035785  4.81035785  4.81035785   20.03953768 20.03953768 19.38082735 19.38082735 19.86447086 19.86447086   19.86447086 17.26441727 17.26441727 17.26441727  2.91436417  0.    0.         29.7727073  40.         14.52183514 14.52183514 11.28026228    1.04536097  1.04536097  1.04536097  9.77954423  9.77954423  0.    0.          0.          0.          0.          0.          0.    0.          0.          0.          0.          0.          0.    0.          0.          0.          0.          0.          2.45709052    2.45709052  2.45709052  2.49435603  2.41694259
2.0  0.          0.          0.          0.          0.          0.    0.          0.          0.          0.          0.          0.    0.          0.          0.          0.          0.          0.    0.          0.          0.          0.          0.          0.    0.          0.          0.          0.          0.          7.07647784    7.07647784  7.07647784  7.07647784  7.07647784  7.07647784  7.07647784    7.07647784  7.07647784  7.07647784  7.07647784  7.07647784  7.07647784    7.07647784  7.07647784  0.         40.         39.92609654 39.92609654   40.         40.         40.         40.         40.          6.69346455    0.        
2.0  0.39747057  0.39747057 40.         40.         40.         40.   40.         40.         40.         40.         40.         40.   40.         40.         40.         39.59965853  0.04700194  0.    0.          0.          0.          0.          0.          0.    0.          0.          0.          0.          0.          0.    0.          0.         11.25611385 11.25611385  4.05179539  4.05179539    4.05179539  4.05179539  4.05179539  4.05179539  4.05179539  4.05179539    4.05179539  4.05179539  4.05179539  4.05179539  4.05179539  4.05179539    0.66140214  0.11361723  1.53567014  0.          0.          0.11361723   30.03471273
2.0  0.  0.  0.  0.  0.  0.  0.  0.  0.  0.  0.  0.  0.  0.  0.  0.  0.  0.    0.  0.  0.  0.  0.  0.  0.  0.  0.  0.  0.  0.  0.  0.  0.  0.  0.  0.    0.  0.  0. 40. 40. 40. 40. 40. 40. 40. 40.
2.0  0.          0.          0.          0.          0.          0.    0.          0.          0.          0.          0.          0.    0.          0.          0.          0.          0.          0.    0.          0.          0.          0.          0.          0.    0.          0.          0.          0.          0.          0.    0.          0.          0.          0.          0.          0.    0.          0.          0.          0.          0.          0.    0.          0.         36.75760621 36.75760621 40.         40.   40.          0.          0.        
2.0  0.          0.          0.          0.          0.          0.    0.          0.          0.          0.          0.          0.    0.          0.          0.          0.          0.          0.    0.          0.          0.          0.          0.          0.    0.          0.          0.          0.          0.          0.    0.          0.          0.          0.          0.          0.    0.          0.          0.          0.          0.          0.    0.68829124  0.0725641   0.          0.          0.          0.   40.        
2.0  0.          0.          0.          0.          0.          0.    0.          0.          0.          0.          0.          0.    0.          0.          0.          0.          0.          0.    0.          0.          0.          0.          0.          0.    0.         40.         40.         40.         40.         40.   40.         40.         40.         40.         40.         38.47048116   38.47048116  0.          0.          0.          0.          0.    0.          0.          0.          0.          0.          0.    0.          0.          0.          0.          0.          0.    0.        
2.0  0.          0.          0.          0.          0.          0.    0.          0.          0.          0.          0.          0.    0.          0.          0.          0.          0.          0.    0.          0.          0.          0.          0.          0.    0.          0.          0.          0.          0.          0.    0.          0.          0.          0.          0.          0.    0.          0.          0.          0.          0.          0.    0.          0.          0.          0.         40.         40.   40.         19.62817354 19.62817354 19.62817354 19.62817354
2.0  0.          0.          0.          0.          0.          0.    0.          0.          0.          0.          0.          0.    0.          0.          0.          0.          0.          0.    0.          0.          0.          0.          0.          0.    0.          0.89066661  0.89066661  2.06979681  2.06979681  2.06979681    4.8155357   4.8155357   4.8155357   5.70316102  5.70316102  5.70316102    5.70316102  5.70316102  5.70316102  5.70316102  5.70316102  5.70316102    5.2623522  40.          2.73166489  0.          2.73166489
2.0  0.          0.          0.          0.          0.          0.    0.          0.          0.          0.          0.          0.    0.          0.          0.          0.          0.          0.    0.          0.          0.          0.          0.          0.    0.          0.          0.          0.          4.21172899  4.21172899    0.78283528  0.78283528  0.7755606   0.7755606   0.7755606   0.77556068    6.20291183  6.20291183  0.77556068  6.20291183  6.20291183  6.20291183    2.58930674 17.73748027  8.23468404  8.23468404 14.12455908 10.37154008   36.07908363 40.         40.          6.0739283   0.          0.    0.          1.04678154  1.04678154  0.2940337  32.87024343  0.    0.71243755  0.71243755  0.71243755
2.0 0.00000000e+00 0.00000000e+00 0.00000000e+00 0.00000000e+00   0.00000000e+00 0.00000000e+00 0.00000000e+00 0.00000000e+00   0.00000000e+00 0.00000000e+00 0.00000000e+00 0.00000000e+00   0.00000000e+00 0.00000000e+00 0.00000000e+00 0.00000000e+00   0.00000000e+00 0.00000000e+00 0.00000000e+00 0.00000000e+00   0.00000000e+00 0.00000000e+00 0.00000000e+00 0.00000000e+00   0.00000000e+00 0.00000000e+00 0.00000000e+00 2.08857324e+00   1.35123663e+00 1.35123663e+00 0.00000000e+00 3.76562749e-12   5.22859045e+00 3.76562749e-12 3.76562749e-12 3.76562749e-12   3.76562749e-12 3.76562749e-12 3.76562749e-12 3.76562749e-12   3.76562749e-12 3.76562749e-12 1.38234096e+00 3.74617673e-01   3.74617673e-01 3.74617662e-01 3.74617662e-01 3.64869816e+00   3.64869816e+00 3.04251205e+00 6.09504487e+00 2.29495091e+00   0.00000000e+00 0.00000000e+00 0.00000000e+00 0.00000000e+00   0.00000000e+00 1.18868010e+01 1.18868010e+01 1.18868010e+01   1.16062623e+01 1.16062623e+01 1.16062623e+01 9.69916372e+00   6.25295900e+00 0.00000000e+00 1.09527734e+01 7.43169902e+00   7.43169902e+00 7.42224979e+00 7.42224979e+00 7.42224979e+00   4.00000000e+01 1.59287623e+01 1.59287623e+01 1.59287623e+01
2.0 0.00000000e+00 0.00000000e+00 0.00000000e+00 0.00000000e+00   0.00000000e+00 0.00000000e+00 0.00000000e+00 0.00000000e+00   0.00000000e+00 0.00000000e+00 0.00000000e+00 0.00000000e+00   0.00000000e+00 0.00000000e+00 0.00000000e+00 0.00000000e+00   0.00000000e+00 0.00000000e+00 0.00000000e+00 0.00000000e+00   0.00000000e+00 0.00000000e+00 0.00000000e+00 0.00000000e+00   0.00000000e+00 0.00000000e+00 0.00000000e+00 0.00000000e+00   0.00000000e+00 0.00000000e+00 0.00000000e+00 3.46317638e-02   3.46317638e-02 3.46317638e-02 3.46317638e-02 1.06603950e+00   1.06603950e+00 1.06603950e+00 3.46317638e-02 1.06603950e+00   1.06603950e+00 1.06603950e+00 1.99980597e+00 1.99980597e+00   2.72899442e+00 6.08021447e+00 6.08021447e+00 3.70115661e+00   2.98088303e+00 2.42452950e+00 2.42452950e+00 2.42451785e+00   2.42451785e+00 3.18759503e+00 3.20431550e+00 5.35542722e+00   7.13907121e+00 6.16690140e+00 3.41522366e+00 3.41522366e+00   5.36624828e+00 5.36624828e+00 4.41155968e+00 2.45346513e+00   2.45346513e+00 2.54519839e+00 2.54519839e+00 2.54519839e+00   2.54519839e+00 3.61925751e-01 3.61925751e-01 3.61925751e-01   3.61925751e-01 3.61925751e-01 4.00000000e+01 2.51431274e+01   0.00000000e+00 0.00000000e+00 0.00000000e+00 0.00000000e+00   8.77328849e+00 2.18575662e+00 8.34655283e+00 7.65937212e+00   2.32947008e+00 2.32947008e+00 2.18575662e+00 2.18575662e+00   2.18575662e+00 2.18575662e+00 3.13296258e+00 3.13296258e+00   3.13296258e+00
2.0 0.00000000e+00 0.00000000e+00 0.00000000e+00 0.00000000e+00   0.00000000e+00 0.00000000e+00 0.00000000e+00 0.00000000e+00   0.00000000e+00 0.00000000e+00 0.00000000e+00 0.00000000e+00   0.00000000e+00 0.00000000e+00 0.00000000e+00 0.00000000e+00   0.00000000e+00 0.00000000e+00 0.00000000e+00 0.00000000e+00   0.00000000e+00 0.00000000e+00 0.00000000e+00 0.00000000e+00   0.00000000e+00 0.00000000e+00 0.00000000e+00 0.00000000e+00   0.00000000e+00 0.00000000e+00 0.00000000e+00 0.00000000e+00   0.00000000e+00 0.00000000e+00 0.00000000e+00 0.00000000e+00   2.24924368e+00 2.14629407e+01 2.14629407e+01 1.01694341e+00   2.21816744e+00 2.21816744e+00 2.21816744e+00 2.21816744e+00   4.36595731e+00 3.49838337e+00 1.59039148e+01 1.59039148e+01   8.11027125e+00 8.11027125e+00 1.40366416e+01 2.10127234e+01   2.13070491e+01 7.52718294e+00 7.52718294e+00 7.52718294e+00   7.52718294e+00 7.52718294e+00 7.23784128e+00 2.33029105e-02   2.33029105e-02 2.33029105e-02 2.33029105e-02 2.33029105e-02   2.33029105e-02 2.33029105e-02 2.33029105e-02 2.33029105e-02   2.89601943e+01 9.98308391e+00 1.95457729e+01 1.95457729e+01   1.96152467e+01 1.96152467e+01 2.30239557e+01 2.07170882e+01   3.97656390e+01 4.00000000e+01 2.00627542e+01 2.55450758e+01   3.30255844e+01 5.95207105e+00 5.95207105e+00 5.95207105e+00   5.95207105e+00 1.54121155e+01 3.11327500e+01
2.0  0.          0.          0.          0.          0.          0.    0.          0.          0.          0.          0.          0.    0.          0.          0.          0.          0.          0.    0.          0.          0.          0.          0.          0.    0.          0.          0.          0.          0.          0.    0.          0.          8.24845892  8.24845892  8.24845892  8.24845892    8.24845892 18.30320652 18.30320652  8.24845892 18.30320652 18.30320652   14.71036292 14.71036292 14.71036292  8.9793559   8.9793559  10.05103275   10.03601217 10.03601217 10.03601217 10.03601217 11.00545361 11.00545361    0.97915517  0.97377104  0.97377104  0.97377104  1.68451619  1.68451619    3.56144681  3.56144681  3.56144681  8.08853539  8.08853539  8.08853539    7.12471606  7.12471606  7.12471606  7.89295756 40.         18.06695494   40.          5.2821414   5.2821414   5.2821414   5.2821414   4.31318542    4.31318542  0.          0.84505818 10.18566578  5.08468088  3.04790948    1.65429237 19.35209053 19.35209053  4.65740137  4.65740137  4.65740137    4.65740137  4.65740137  4.65740137  4.65740137  4.65740137  3.02170967
2.0  0.          0.          0.          0.          0.          0.    0.          0.          0.          0.          0.          0.    0.          0.          0.          0.          0.          0.    0.          0.          0.          0.          0.          0.    0.          0.          0.          0.          0.          0.    0.          0.          0.          0.          0.          0.    0.          0.30810189  0.30810189  0.30810189  0.30810189  0.30810189   36.12989419 36.12989419 37.5726617   3.73255697  3.56733458  3.56733458   39.69379941 39.69379941 39.69379941 39.69379941 40.          0.30811069    0.30811069  0.30811069  0.30811069  0.30811069  4.89597162  0.30811069    0.          0.31603287  2.0230568   5.08684096 33.60444494  5.29503823    5.29503823  5.29503823  3.60187647  0.         11.47560481  0.   11.47560481 11.47560481 11.47560481 11.47560481 11.47560481 11.48123586    0.          0.          0.          0.          0.          0.        
2.0  0.          0.          0.          0.          0.          0.    0.          0.          0.          0.          0.          0.    0.          0.          0.          0.          0.          0.    0.          0.          0.          0.          0.          0.    0.          0.          0.          0.          0.          0.    0.          0.          0.          0.          0.          0.    0.          0.          0.          0.          0.10894134  0.10894134    0.10894134  0.10894134  0.10894134  0.10894134  0.10894134  0.10894134    0.10894134  0.10894134  0.10894134  0.10894134  0.22531812  0.22531812    0.          0.10894134  0.          1.768965    1.768965    1.768965    1.768965    1.768965    1.768965    1.768965    1.768965    1.768965    1.768965    1.768965    1.768965   17.73599246 40.         19.21032487   22.37701241  2.50755215  2.50755215  2.50755215  0.          0.    0.          0.          0.          0.        
2.0  0.          0.          0.          0.          0.          0.    0.          0.          0.          0.          0.          0.    0.          0.          0.          0.          0.          0.    0.          0.          0.          0.          0.          0.    0.          0.          0.          0.          0.          0.    5.18904003  5.18904003  0.05972696  0.05972696  0.05972696  0.54756302    0.05972696  0.05972696  0.05972696  0.05972696  0.05972696 38.24249911   38.24249911 38.24249911 38.24249911 38.24249911 38.24249911 40.    1.7922074   1.7922074   1.7922074   1.7922074   1.7922074   1.7922074   24.36080208 24.36080208 33.78752344 33.78752344 33.78752344 33.78752344   33.78752344 33.78752344 33.78752344 33.78752344 39.00047767 32.04671103   32.04671103 32.04671103 32.04671103 32.04671103  0.          0.    0.          0.         10.86636721 21.41028973 21.41028973 20.53202402   17.54798605  1.4602396   2.28274413  2.28993025  2.28993025  2.28993025    2.28993025  2.28993025
2.0 0.00000000e+00 0.00000000e+00 0.00000000e+00 0.00000000e+00   0.00000000e+00 0.00000000e+00 0.00000000e+00 0.00000000e+00   0.00000000e+00 0.00000000e+00 0.00000000e+00 0.00000000e+00   0.00000000e+00 0.00000000e+00 0.00000000e+00 0.00000000e+00   0.00000000e+00 0.00000000e+00 0.00000000e+00 0.00000000e+00   0.00000000e+00 0.00000000e+00 0.00000000e+00 0.00000000e+00   0.00000000e+00 0.00000000e+00 0.00000000e+00 0.00000000e+00   0.00000000e+00 0.00000000e+00 0.00000000e+00 0.00000000e+00   0.00000000e+00 0.00000000e+00 0.00000000e+00 0.00000000e+00   0.00000000e+00 6.95932630e-12 6.95932630e-12 6.95932630e-12   6.95932630e-12 6.95932630e-12 6.95932630e-12 6.95932630e-12   6.80461787e-01 6.80461787e-01 6.80461787e-01 6.80461787e-01   2.35952495e+00 6.89755458e-01 6.77665480e+00 6.77665480e+00   6.77665480e+00 6.77665480e+00 6.77665480e+00 7.17795198e+00   7.17795198e+00 1.08371433e+01 6.07731922e+00 6.07731922e+00   1.32199926e+01 7.15225588e+00 1.32199926e+01 7.15225588e+00   7.15225588e+00 7.15225588e+00 7.15225588e+00 9.89908958e+00   7.15225588e+00 3.12695666e+01 3.12695666e+01 3.12695666e+01   3.12695666e+01 2.67462288e+01 2.67462288e+01 2.67462288e+01   2.67462288e+01 4.00000000e+01 4.00000000e+01 0.00000000e+00   1.41133105e+00 1.41133105e+00 2.07764658e+00 2.07764658e+00
2.0 0.00000000e+00 0.00000000e+00 0.00000000e+00 0.00000000e+00   0.00000000e+00 0.00000000e+00 0.00000000e+00 0.00000000e+00   0.00000000e+00 0.00000000e+00 0.00000000e+00 0.00000000e+00   0.00000000e+00 0.00000000e+00 0.00000000e+00 0.00000000e+00   0.00000000e+00 0.00000000e+00 0.00000000e+00 0.00000000e+00   0.00000000e+00 0.00000000e+00 0.00000000e+00 0.00000000e+00   0.00000000e+00 0.00000000e+00 0.00000000e+00 0.00000000e+00   0.00000000e+00 0.00000000e+00 0.00000000e+00 0.00000000e+00   0.00000000e+00 0.00000000e+00 0.00000000e+00 0.00000000e+00   0.00000000e+00 5.84809497e+00 6.03903344e-01 0.00000000e+00   0.00000000e+00 1.09343700e+01 8.96483137e+00 1.07981981e+00   1.07981981e+00 1.14875492e+00 1.07981981e+00 1.07981981e+00   1.86787194e+00 6.37699516e+00 9.23699065e+00 6.37699516e+00   6.37699953e+00 6.37699953e+00 5.64990803e+00 6.37699953e+00   5.64990803e+00 5.64990803e+00 5.80956689e+00 4.72618434e+00   4.58777620e+00 4.25616802e+00 4.25616802e+00 4.25616802e+00   1.59509237e+01 4.25616802e+00 6.21255271e+00 6.21255271e+00   4.25616802e+00 0.00000000e+00 0.00000000e+00 0.00000000e+00   0.00000000e+00 0.00000000e+00 0.00000000e+00 0.00000000e+00   0.00000000e+00 0.00000000e+00 4.00000000e+01 3.17653829e-05   2.30242768e+00 2.30242768e+00 2.30242768e+00 1.12688152e+01   1.12688152e+01
2.0  0.          0.          0.          0.          0.          0.    0.          0.          0.          0.          0.          0.    0.          0.          0.          0.          0.          0.    0.          0.          0.          0.          0.          0.    0.          0.          0.          0.          0.          5.41393999    5.41393999  5.41393999  5.41393999  5.41393999  5.41393999  5.41393999    5.41393999  5.41393999  5.65764651  5.65764651 12.13409013 12.13409013   28.75296054 28.52842946 28.52842946 40.         40.         40.   40.          0.25974241  0.25974241  0.          0.          0.    0.          0.          3.00304884  3.00304884  0.60952909  0.60952909    1.83126297 14.27985705 16.55652828 21.51508683 21.51508683 14.59114614   17.99741176 19.24423047  4.49701804  9.19038754 31.97376062 18.05349581    4.49701804  4.49701804 14.07318326 14.4712189  29.30373366 29.30373366   29.30373366  6.11565859  5.84731286  1.98002629  1.98002629  1.26598733
2.0 0.00000000e+00 0.00000000e+00 0.00000000e+00 0.00000000e+00   0.00000000e+00 0.00000000e+00 0.00000000e+00 0.00000000e+00   0.00000000e+00 0.00000000e+00 0.00000000e+00 0.00000000e+00   0.00000000e+00 0.00000000e+00 0.00000000e+00 0.00000000e+00   0.00000000e+00 0.00000000e+00 0.00000000e+00 0.00000000e+00   0.00000000e+00 0.00000000e+00 0.00000000e+00 0.00000000e+00   0.00000000e+00 0.00000000e+00 0.00000000e+00 0.00000000e+00   0.00000000e+00 0.00000000e+00 0.00000000e+00 0.00000000e+00   0.00000000e+00 0.00000000e+00 0.00000000e+00 0.00000000e+00   0.00000000e+00 0.00000000e+00 0.00000000e+00 0.00000000e+00   0.00000000e+00 0.00000000e+00 0.00000000e+00 0.00000000e+00   3.34554438e-04 3.34554438e-04 3.34554438e-04 3.34554438e-04   3.34554438e-04 3.34554438e-04 3.34554438e-04 3.11048493e+01   0.00000000e+00 0.00000000e+00 4.71840954e-01 4.71840954e-01   4.71840954e-01 4.00000000e+01 4.00000000e+01 4.00000000e+01   4.00000000e+01 4.00000000e+01 4.00000000e+01 4.00000000e+01   4.00000000e+01 3.99962194e+01 3.99962194e+01 3.99962194e+01   3.99962194e+01 1.98234767e+01 1.63410119e+01 1.63410119e+01   1.63410119e+01 1.63410119e+01 1.63410119e+01 1.63410119e+01   3.54010906e+00 1.32041112e+01 1.37746822e+01 1.33448119e+01   3.68854590e+00 2.54187180e-01 0.00000000e+00 0.00000000e+00   4.92093174e-01 8.10001957e-01 8.48839659e-01
2.0  0.          0.          0.          0.          0.          0.    0.          0.          0.          0.          0.          0.    0.          0.          0.          0.          0.          0.    0.          0.          0.          0.          0.          0.    0.          0.          0.          0.          0.          0.    0.          0.          0.          0.22617282  0.22617282  0.22617282    0.22617282  0.22617282  0.22617282  0.22617282  0.22617282  2.2331756    0.22617282  0.22617282  4.70671272  4.70671272  4.70671272  4.76818816    4.76818816  0.12174275  0.12174275  0.51317833  0.51317833  1.24616333    2.12888955  1.33078125  1.33078125  0.3949841   0.3949841   0.3949841    0.3949841   1.21898769  1.21898769  1.21898769  1.21898769  0.83454367    0.83454367  0.          0.          0.          0.          0.51509184    0.51509184 10.91024359 17.99731602 18.27084229  7.60699201 40.    0.          0.71190548  0.          0.12174275  0.12174275  1.79175669    3.09834075
2.0  0.          0.          0.          0.          0.          0.    0.          0.          0.          0.          0.          0.    0.          0.          0.          0.          0.          0.    0.          0.          0.          0.          0.          0.    0.          0.          0.          0.          0.          0.    0.          0.          0.          0.          0.          0.    3.12569314  3.39330232  3.39330232  3.22418488  0.10955428  0.    0.32789769  0.32789769  0.32789769  0.32789769  0.32789769  0.32789769    0.32789769  0.32789769  0.          0.          1.36651609  1.36651609    0.13890751  0.13890751  0.11094172  0.11094172  5.22777539  6.89247179    1.31118069  2.3105548   1.31118069  1.31118069 17.63199266 17.38412462   17.38412462  0.          6.70076059  6.70076059  6.68768242  6.68768242    1.67141809  7.64137068  5.98240275  5.98240275  2.24190189  4.77361482    4.89456519  4.90954899 13.60059636 13.51382654 40.         40.   40.        
2.0  0.          0.          0.          0.          0.          0.    0.          0.          0.          0.          0.          0.    0.          0.          0.          0.          0.          0.    0.          0.          0.          0.          0.          0.    0.          0.          0.          0.          0.          0.    0.          0.          2.22433297  2.22433297  2.22433297  2.22433297    2.22433297  2.22433297  2.22433297  2.22433297  2.22433297  2.22433297    2.22433297  2.22433297  2.22433297  2.22433297  2.22433297  6.2371929    0.          0.          0.          0.          0.          0.    0.          0.          0.88635006  0.88635006  0.88635006  2.22586163    2.22586163 40.         40.         40.         40.          2.22586163    0.          0.          0.          0.          0.          0.    0.          0.          0.12550102  0.12550102 15.35876904 15.35876904   15.28942562 15.28942562 15.28942562 15.28942562 15.28942562
2.0  0.          0.          0.          0.          0.          0.    0.          0.          0.          0.          0.          0.    0.          0.          0.          0.          0.          0.    0.          0.          0.          0.          0.          0.    0.          0.          0.          0.          0.          0.    0.          0.          0.          0.          0.          0.    0.          7.56381469  7.56381469  0.          0.          0.    0.          0.          0.90798563  0.90798563  0.90798563  0.99859892    0.99859892  0.99859892  0.99859892  0.99859892  0.99859892  0.18088936    0.99859892  0.18088936  0.18088936  0.18088682  0.          0.    0.          0.          0.          0.          0.          0.    0.          0.         23.48579296 24.5758831  25.18821884 24.09791225   26.41664481 31.19723444 31.19723444 40.         16.51775652 17.82447661    0.          0.          0.          0.        
2.0  0.          0.          0.          0.          0.          0.    0.          0.          0.          0.          0.          0.    0.          0.          0.          0.          0.          0.    0.          0.          0.          0.          0.          0.    0.          0.          0.          0.          0.1713035   0.1713035   22.89525328 17.8183787  17.8183787  28.48362364 28.48362364 28.48362364   28.48362364 28.48362364 30.90445801 40.         40.         11.86540444   11.6859757  11.51267174 11.51267174 11.51267174 11.36498852 11.51267174   11.35561546 11.35561546 11.35561546 11.35561546  0.65305069  0.72288457    0.85543346  0.85543346  0.85543346  0.85543346  0.85543346  0.78569433    0.78569433  2.00442485  0.66409865  0.28863258  1.21523264  0.    4.01879031  4.01879031  4.01879031  4.01879031  5.2350412   5.2350412    5.2350412   5.2350412   5.2350412   5.2350412   4.18195301  4.18195301    4.18195301
2.0  0.          0.          0.          0.          0.          0.    0.          0.          0.          0.          0.          0.    0.          0.          0.          0.          0.          0.    0.          0.          0.          0.          0.          0.    0.          0.          0.          0.          0.          0.    0.          0.          0.          0.          0.          0.    0.          0.          0.          0.          0.          0.    0.          0.          0.          0.          0.          0.    0.          0.          1.61825831  1.61825831  1.61825831  1.61825831    1.61825831  1.61825831  1.61825831 12.3691169   1.61825831  1.61825831    1.61825831  1.61825831  0.          4.19899574  4.19899574  4.19899574   40.         40.          9.46246065  1.61825123  0.          0.    0.          0.          0.          0.          0.          0.    0.          0.          0.        
2.0 7.47195014e+00 7.47195014e+00 7.47195014e+00 7.47195014e+00   7.47195014e+00 7.47195014e+00 7.47195014e+00 7.47195014e+00   7.47195014e+00 7.47195014e+00 7.47195014e+00 7.47195014e+00   7.47195014e+00 7.47195014e+00 7.47195014e+00 7.47195014e+00   0.00000000e+00 0.00000000e+00 0.00000000e+00 0.00000000e+00   0.00000000e+00 0.00000000e+00 0.00000000e+00 0.00000000e+00   0.00000000e+00 0.00000000e+00 0.00000000e+00 0.00000000e+00   0.00000000e+00 0.00000000e+00 0.00000000e+00 0.00000000e+00   0.00000000e+00 0.00000000e+00 0.00000000e+00 0.00000000e+00   6.24944191e+00 6.24944191e+00 6.24944191e+00 6.24944191e+00   6.24944191e+00 6.24944191e+00 6.24944191e+00 6.24944191e+00   6.24944191e+00 6.24944191e+00 6.24944191e+00 6.24944191e+00   6.24944191e+00 6.24944191e+00 2.27528778e+01 2.27528778e+01   2.27528778e+01 1.65517996e+01 3.82976908e+01 3.82976908e+01   2.27460278e+01 2.27460278e+01 2.27460278e+01 2.32466004e+01   3.50003340e+01 2.25689151e+01 2.25689151e+01 1.57527654e+00   1.57527654e+00 4.68251361e+00 4.68251361e+00 4.68251361e+00   1.62246542e+01 5.85822674e+00 5.85800933e+00 5.17880528e+00   2.31293607e-03 3.14316011e+01 4.00000000e+01 1.02843132e+01   1.00229568e+01 1.25696540e+01 1.25696540e+01
2.0  0.          0.          0.          0.          0.          0.    0.          0.          0.          0.          0.          0.    0.          0.          0.          0.          0.          0.    0.          0.          0.          0.          0.          0.    0.          0.          0.          0.          0.          0.    0.          0.          0.          0.          0.          0.    0.          0.          0.          0.          0.          0.    0.          0.          0.          0.          3.46224487  3.46224487    3.46224487  2.77731868  2.77731868  0.          0.          0.    6.27100121  1.92130634  1.92130634  1.92130634  1.92130634  1.92130634    1.92130634  1.92130634  1.92130634  1.92130634  6.68701141  6.68701141    6.68701141  6.68701141 40.         35.2490013  35.2490013  35.2490013    9.82941365  9.82941365  6.41806908  6.41806908 25.66062892  6.34925804    6.34925804  5.32481779  5.32481779  5.32481779  5.32481779
2.0 1.87147305e-01 1.87147305e-01 1.87147305e-01 1.87147305e-01   1.87147305e-01 1.87147305e-01 1.87147305e-01 1.87147305e-01   1.87147305e-01 3.14516232e+00 3.14516232e+00 3.14516232e+00   3.14516232e+00 3.14516232e+00 3.14516232e+00 3.14516232e+00   3.14516232e+00 2.96584795e+00 2.96584795e+00 2.96584795e+00   2.96584795e+00 2.96584795e+00 2.96584795e+00 2.96584795e+00   2.96584795e+00 2.96584795e+00 0.00000000e+00 0.00000000e+00   0.00000000e+00 0.00000000e+00 0.00000000e+00 0.00000000e+00   0.00000000e+00 0.00000000e+00 0.00000000e+00 0.00000000e+00   0.00000000e+00 2.31552550e-02 0.00000000e+00 0.00000000e+00   0.00000000e+00 2.44545051e+00 4.58012916e+00 4.58012916e+00   4.33334967e+00 4.33334967e+00 4.33334967e+00 4.33334967e+00   4.33334967e+00 4.33334967e+00 4.33334967e+00 4.33334967e+00   4.33334967e+00 1.08695443e+00 5.86317260e-01 2.54666075e-01   2.54666075e-01 2.51182492e+00 2.51182492e+00 2.54666075e-01   1.59345262e+00 9.19696747e+00 1.08409707e+01 8.93991463e+00   1.19854669e+01 1.23948456e+00 1.23948456e+00 1.23948456e+00   1.38749255e+01 1.37879266e+01 2.51206900e+01 4.01893392e+00   4.00000000e+01 3.60045189e+01 7.14465931e+00 7.14465931e+00   7.14465931e+00 7.14465931e+00 7.49901844e+00 7.49901844e+00
2.0  0.          0.          0.          0.          0.          0.    0.          0.          0.          0.          0.          0.    0.          4.06671525  4.06671525  4.06671525  4.06671525  4.06671525    4.06671525  4.06671525  4.06671525  4.06671525  4.06671525  4.06671525    4.06671525  4.06671525  4.06671525  4.06671525  4.06671525  4.06671525    0.          0.          0.          0.          0.          0.    0.          0.          0.          0.          0.          0.    2.21220242  2.21220242  2.21220242 29.73010503 29.73010503 29.73010503   29.73010503 29.73010503 29.73010503 30.94629296 30.94629296 32.86902948   19.76584503  3.10142907  3.10142907  3.10142907  3.10142907  3.10142907    3.10142907  3.10142907  3.10142907  3.10142907  3.10142907  1.14062254    1.14062254  5.59291319  5.59291319  5.59291319  5.59291319  5.59291319    4.19055399 40.         27.58275878 11.41803999 22.18097526 22.18097526    5.6496377   5.6496377   5.6496377   1.84836442  0.09407401  0.09407401    0.09407401
2.0 0.00000000e+00 0.00000000e+00 0.00000000e+00 0.00000000e+00   0.00000000e+00 0.00000000e+00 7.81377365e-01 5.56409487e+00   5.56409487e+00 3.50773592e+01 3.50773592e+01 3.50773592e+01   3.50773592e+01 3.50773592e+01 3.50773592e+01 3.50773592e+01   3.50773592e+01 3.50773592e+01 3.50773592e+01 4.00000000e+01   1.69783004e+01 1.69783004e+01 1.69783004e+01 0.00000000e+00   0.00000000e+00 0.00000000e+00 0.00000000e+00 0.00000000e+00   0.00000000e+00 0.00000000e+00 0.00000000e+00 0.00000000e+00   0.00000000e+00 0.00000000e+00 0.00000000e+00 0.00000000e+00   0.00000000e+00 1.89455525e+00 1.93971965e+00 4.50875707e-02   4.17221611e+00 4.17221611e+00 1.35989182e+00 1.35989182e+00   3.93607646e+00 1.20464987e+01 1.68403328e+01 1.68403328e+01   1.36757089e+01 1.37329882e+01 1.36813006e+01 1.36813006e+01   1.36813006e+01 1.46525687e+01 9.76516037e+00 1.15265527e+01   8.71874503e+00 8.12752684e+00 8.12752684e+00 6.44132497e+00   1.78509126e+00 3.90440142e+00 3.08179850e+00 2.98346333e+00   2.98346333e+00 1.78509126e+00 1.78509126e+00 1.98253454e+01   2.02108702e+01 2.17479107e+00 2.67486599e+00 2.58516468e-02   3.34895348e+00 3.42839147e-01 3.45204005e+00 3.90263214e+01   3.39029117e+00 1.33081316e+01 1.33081316e+01 1.33081316e+01
2.0 0.00000000e+00 0.00000000e+00 0.00000000e+00 0.00000000e+00   0.00000000e+00 0.00000000e+00 0.00000000e+00 0.00000000e+00   0.00000000e+00 0.00000000e+00 0.00000000e+00 0.00000000e+00   0.00000000e+00 0.00000000e+00 0.00000000e+00 0.00000000e+00   0.00000000e+00 0.00000000e+00 0.00000000e+00 0.00000000e+00   0.00000000e+00 0.00000000e+00 0.00000000e+00 0.00000000e+00   0.00000000e+00 0.00000000e+00 0.00000000e+00 0.00000000e+00   0.00000000e+00 0.00000000e+00 0.00000000e+00 0.00000000e+00   0.00000000e+00 0.00000000e+00 2.31006922e-02 4.00000000e+01   4.00000000e+01 4.00000000e+01 4.00000000e+01 4.00000000e+01   8.06522762e+00 9.41202091e+00 9.41202091e+00 9.41202091e+00   9.41202091e+00 9.41202091e+00 9.41202091e+00 9.41202091e+00   1.37929637e+00 1.37929637e+00 1.37929637e+00 1.37929637e+00   1.37929637e+00 4.72938827e+00 3.35505236e+00 4.72938827e+00   3.35561536e+00 6.04206874e+00 3.35561536e+00 3.35561536e+00   3.35561536e+00 3.46153953e+00 3.46153953e+00 3.35561536e+00   2.01055435e+01 2.01055435e+01 2.01055435e+01 1.68306860e+01   2.76882890e+01 2.76882890e+01 2.76882890e+01 1.08496360e+01   1.08496360e+01 1.08908197e+01 6.23361025e-02 0.00000000e+00   0.00000000e+00 1.37930376e+00 1.37930376e+00 1.37930376e+00
2.0  0.          0.          0.          0.          0.          0.    0.          0.          0.          0.          0.          2.63231929    2.63231929  2.63231929  2.63231929  2.63231929  2.63231929  2.63231929    2.63231929  2.63231929  2.63231929  2.63231929  2.63231929  2.63231929    2.63364679  2.63364679  2.6349833   2.6349833   0.          0.    0.          0.          0.          0.          0.          2.18158275    2.18158275  2.18158275  2.18158275  3.06658893  3.06658893  3.06658893    3.06658893  3.06658893  3.06658893  2.18158275  2.18158275  2.18158275   33.16071412 17.10306275 17.10306275  0.          0.          0.    3.59476859  2.72796682  3.59476859  3.59476859  3.59476859  3.59476859   40.          7.62273152 24.84154719 24.84154719 24.84154719 24.84154719   24.84154719 20.78707277 20.78707277 20.78707277  9.9155601   6.26875669    6.26875669  6.26875669  6.26875669  6.26875669  6.26875669  6.26875669    6.56081013  6.56081013  6.56081013
2.0 0.00000000e+00 0.00000000e+00 0.00000000e+00 0.00000000e+00   0.00000000e+00 0.00000000e+00 0.00000000e+00 0.00000000e+00   1.00611893e-01 2.86750788e+00 2.86750788e+00 2.86750788e+00   2.86750788e+00 2.86750788e+00 2.86750788e+00 2.86750788e+00   2.86750788e+00 9.93059403e-02 9.93059403e-02 4.73552925e-04   4.73552925e-04 4.73552925e-04 4.73552925e-04 0.00000000e+00   0.00000000e+00 0.00000000e+00 0.00000000e+00 0.00000000e+00   0.00000000e+00 0.00000000e+00 0.00000000e+00 0.00000000e+00   0.00000000e+00 0.00000000e+00 0.00000000e+00 0.00000000e+00   0.00000000e+00 0.00000000e+00 0.00000000e+00 0.00000000e+00   0.00000000e+00 0.00000000e+00 0.00000000e+00 0.00000000e+00   0.00000000e+00 4.78331034e-01 4.78331034e-01 4.78331034e-01   4.78331034e-01 9.10108667e+00 9.10108667e+00 9.10108667e+00   4.17924924e+00 4.17924924e+00 5.34780018e-01 6.40618405e-02   6.40618405e-02 6.40618405e-02 1.05829766e-12 1.05829766e-12   1.05829766e-12 1.05829766e-12 0.00000000e+00 0.00000000e+00   0.00000000e+00 0.00000000e+00 0.00000000e+00 4.87003840e-02   4.87003840e-02 0.00000000e+00 0.00000000e+00 1.01729725e-01   1.01729725e-01 1.01729725e-01 1.01729725e-01 2.81559918e+01   3.44246932e+01 4.00000000e+01 4.00000000e+01
2.0 0.00000000e+00 0.00000000e+00 0.00000000e+00 0.00000000e+00   0.00000000e+00 0.00000000e+00 9.87383445e+00 9.87383445e+00   9.87383445e+00 9.87383445e+00 9.87383445e+00 9.87383445e+00   9.87383445e+00 9.87383445e+00 9.87383445e+00 9.87383445e+00   9.87383445e+00 0.00000000e+00 0.00000000e+00 0.00000000e+00   0.00000000e+00 0.00000000e+00 0.00000000e+00 0.00000000e+00   0.00000000e+00 0.00000000e+00 0.00000000e+00 0.00000000e+00   0.00000000e+00 0.00000000e+00 0.00000000e+00 0.00000000e+00   0.00000000e+00 0.00000000e+00 0.00000000e+00 0.00000000e+00   0.00000000e+00 0.00000000e+00 0.00000000e+00 2.95556619e-02   2.95556619e-02 2.95556619e-02 5.84348426e+00 5.84348426e+00   5.84348426e+00 5.84348426e+00 5.84348426e+00 5.84348426e+00   5.84348426e+00 9.87331761e+00 9.87331761e+00 9.86245901e+00   9.86245901e+00 9.86245901e+00 4.04946959e+00 4.04946959e+00   0.00000000e+00 0.00000000e+00 3.64532584e-01 3.64532584e-01   3.64532584e-01 3.64532584e-01 3.64532584e-01 3.64532584e-01   5.56727628e-01 5.56727628e-01 5.56727628e-01 4.00000000e+01   4.00000000e+01 3.06133363e-02 4.00000000e+01 4.00000000e+01   7.30965319e-01 1.62535585e-01 1.62535585e-01 1.62535585e-01   1.62535585e-01 3.06133363e-02 2.21839578e-01 2.21839578e-01
2.0 0.00000000e+00 0.00000000e+00 0.00000000e+00 0.00000000e+00   0.00000000e+00 0.00000000e+00 0.00000000e+00 0.00000000e+00   0.00000000e+00 0.00000000e+00 0.00000000e+00 0.00000000e+00   0.00000000e+00 0.00000000e+00 0.00000000e+00 0.00000000e+00   0.00000000e+00 0.00000000e+00 0.00000000e+00 0.00000000e+00   0.00000000e+00 0.00000000e+00 0.00000000e+00 0.00000000e+00   0.00000000e+00 0.00000000e+00 0.00000000e+00 0.00000000e+00   0.00000000e+00 0.00000000e+00 0.00000000e+00 0.00000000e+00   0.00000000e+00 0.00000000e+00 0.00000000e+00 0.00000000e+00   0.00000000e+00 0.00000000e+00 0.00000000e+00 0.00000000e+00   0.00000000e+00 0.00000000e+00 0.00000000e+00 0.00000000e+00   0.00000000e+00 0.00000000e+00 9.83945685e-05 2.10788729e+01   2.10788729e+01 2.10788729e+01 2.10788729e+01 2.38681686e+01   2.38681686e+01 7.74074476e+00 9.83945685e-05 9.83945685e-05   9.68233833e-01 9.68233833e-01 9.68233833e-01 9.68233833e-01   3.67006805e+01 4.00000000e+01 3.89729230e+01 3.75809071e+01   4.22322733e+00 3.25063494e+00 0.00000000e+00 0.00000000e+00   0.00000000e+00 2.39365774e+00 0.00000000e+00 1.88423540e+01   1.88423540e+01 9.10220090e-01 0.00000000e+00 9.56604657e-01   2.74486284e+00 2.74486284e+00 2.70325593e+00 5.07752327e+00
2.0  0.          0.          0.          0.          0.          0.    0.          0.          0.          0.          0.          0.    0.          0.          0.          0.          0.          0.    0.          0.          0.          0.          0.          0.    0.          0.          0.          0.          0.          0.    0.          0.          0.          0.          0.          0.    0.          0.          1.25402266  1.25402266  2.69848938  2.69848938    1.25402266  1.25402266 30.83578272 40.         30.83578272 10.64617921   23.27753033 23.27753033 15.36722044 16.80399969  2.82281974  2.82281974    2.82281974  2.82281974  0.          0.          0.          0.    0.          0.          0.          0.          0.          0.20317594    0.20317594  0.          0.          0.         13.27730507 13.27730507   13.27730507 13.27730507 13.27730507 13.27730507  0.          0.    0.        
2.0 0.00000000e+00 0.00000000e+00 0.00000000e+00 0.00000000e+00   0.00000000e+00 0.00000000e+00 0.00000000e+00 0.00000000e+00   0.00000000e+00 2.64037253e-01 2.64037253e-01 2.64037253e-01   2.64037253e-01 2.64037253e-01 2.64037253e-01 2.64037253e-01   2.64037253e-01 2.64037253e-01 2.64037253e-01 2.64037253e-01   2.64037253e-01 2.64037253e-01 2.64037253e-01 2.64037253e-01   2.64037253e-01 0.00000000e+00 0.00000000e+00 0.00000000e+00   0.00000000e+00 4.96818346e-02 4.96818346e-02 4.96818346e-02   4.96818346e-02 4.96818346e-02 4.96818346e-02 4.96818346e-02   1.63582937e+01 1.63582937e+01 4.96818346e-02 4.96818346e-02   1.61746759e+01 1.61746759e+01 3.50411296e+01 4.00000000e+01   4.00000000e+01 4.00000000e+01 3.11612852e+01 3.11612852e+01   3.11612852e+01 3.11612852e+01 3.01890070e+01 3.52884666e+01   1.84242804e+01 1.62355656e+01 0.00000000e+00 0.00000000e+00   4.26337641e-01 4.26337641e-01 0.00000000e+00 0.00000000e+00   0.00000000e+00 1.99623111e+00 1.99623111e+00 1.99623111e+00   1.99623111e+00 1.99623111e+00 2.81785181e+00 1.99623111e+00   0.00000000e+00 0.00000000e+00 0.00000000e+00 0.00000000e+00   0.00000000e+00 3.49083094e+00 3.49083094e+00 2.77819102e-02
2.0  4.36932993  4.36932993  4.36932993  4.36932993  4.37272679  4.36932993    4.36932993  1.63770507  1.63827868  1.63827868  1.63827868  1.63827868    1.63827868  1.63827868  7.75011181  0.          0.          0.    0.          0.          0.          0.          0.          0.    0.          0.          0.          0.         26.9387367  26.9387367   26.9387367  26.9387367  27.77223635 27.77223635 27.77223635 27.77223635   27.77223635 27.77223635  7.15555618  0.82932655  7.15555618  7.15555618   12.25748533  9.56339566  6.84982525  6.84982525  6.84982525  6.84982525    6.84982525  9.47169083  7.53968991 40.         22.87137233  8.2871118    8.2871118   7.60495758  7.60495758  7.60495758  0.          0.    0.          0.          0.          0.          0.          0.    0.          0.          0.          0.          0.          0.    0.          0.          0.          0.        
2.0 0.00000000e+00 0.00000000e+00 0.00000000e+00 0.00000000e+00   1.12699358e-01 1.12699358e-01 1.12699358e-01 1.12699358e-01   1.12699358e-01 1.12699358e-01 1.12699358e-01 1.12699358e-01   1.12699358e-01 1.12699358e-01 1.12699358e-01 1.12699358e-01   0.00000000e+00 0.00000000e+00 0.00000000e+00 0.00000000e+00   0.00000000e+00 0.00000000e+00 0.00000000e+00 2.15159209e+00   2.15159209e+00 2.15159209e+00 2.15159209e+00 2.15159209e+00   2.15159209e+00 2.15159209e+00 2.15159209e+00 2.20365668e+01   2.33446651e+01 2.33446651e+01 2.33446651e+01 1.08875046e+01   1.08875046e+01 1.08875046e+01 5.07689423e-01 5.07689423e-01   4.00000000e+01 5.83445594e+00 7.50840279e+00 7.50840279e+00   7.50840279e+00 7.50840279e+00 7.50840279e+00 7.50840279e+00   7.50840279e+00 2.32268606e+01 1.59103511e+01 1.87063104e-01   2.86268942e-01 2.86268942e-01 2.86268942e-01 2.86268942e-01   2.86268942e-01 2.03003866e-04 2.03003866e-04 0.00000000e+00   0.00000000e+00 0.00000000e+00 0.00000000e+00 0.00000000e+00   3.86817720e+00 3.86817720e+00 4.25299196e+00 4.25299196e+00   4.25299196e+00 4.25299196e+00 4.25299196e+00 4.25299196e+00   3.70292638e+00 4.03888484e-01 4.03888484e-01
2.0  0.          0.          0.          0.          0.          0.    0.          0.          0.          0.          0.          0.    0.          0.          0.          0.          0.          0.    0.          0.          0.          0.          0.          0.    0.          0.          0.          0.          0.          0.    0.          0.          0.          0.          0.          0.    0.          0.          0.          0.          0.          0.    0.          0.          0.          0.          1.86038085  1.86038085    1.86038085  1.86038085  1.86038085  1.86038085  3.44765409  3.44765409   10.10344306  3.44765409 29.40954612 30.29997012 30.29997012 30.29997012   30.29997012 24.24577077 30.29997012 30.29997012 37.91794425 40.    2.06552373  2.06552373  0.50661263  2.31137971  2.31137971  2.31137971    2.57191603  2.57191603  2.31137971  2.31137971
2.0 0.00000000e+00 0.00000000e+00 0.00000000e+00 1.45282323e-01   1.45282323e-01 1.45282323e-01 1.45282323e-01 1.45282323e-01   1.45282323e-01 1.45282323e-01 1.45282323e-01 1.45282323e-01   1.45282323e-01 1.45282323e-01 1.45282323e-01 1.45282323e-01   1.45282323e-01 1.45282323e-01 1.45282323e-01 0.00000000e+00   0.00000000e+00 0.00000000e+00 0.00000000e+00 0.00000000e+00   0.00000000e+00 0.00000000e+00 0.00000000e+00 0.00000000e+00   0.00000000e+00 0.00000000e+00 0.00000000e+00 0.00000000e+00   0.00000000e+00 0.00000000e+00 1.95242931e+01 4.00000000e+01   3.56328133e+00 3.56328133e+00 6.01865741e+00 3.56328133e+00   3.56328133e+00 3.56328133e+00 3.57557526e+01 3.57557526e+01   3.57557526e+01 3.57557526e+01 3.57557526e+01 3.57557526e+01   3.76079455e+01 3.40477944e+01 3.40477944e+01 3.21983849e+01   3.21983849e+01 7.03591473e-02 7.03591473e-02 7.03591473e-02   0.00000000e+00 3.83509744e+00 3.83509744e+00 3.83509744e+00   3.83509744e+00 3.83509744e+00 3.83509744e+00 0.00000000e+00   0.00000000e+00 0.00000000e+00 0.00000000e+00 0.00000000e+00   0.00000000e+00 0.00000000e+00 0.00000000e+00 0.00000000e+00   2.48248921e-12 2.48248921e-12 3.88231092e-02 3.88231092e-02   3.88231092e-02
2.0  0.          0.          0.          0.          0.          0.    0.          0.          0.          0.          0.          0.    0.          0.          0.          0.          0.          0.    0.          0.          0.          0.          0.          0.    0.          0.          0.          0.          0.          0.    0.          0.          0.          0.          0.          0.    0.          0.         29.32460874 26.68749924 40.         40.   40.         40.         40.         40.         40.         40.   40.         40.         27.60122098  0.          0.          0.    0.          0.          0.          0.          0.          0.    0.          0.          0.          0.          0.          0.    0.          0.          0.30136239  0.30136239  0.30136239  0.30136239    0.          0.          4.57289379  4.57289379  4.57289379
2.0  0.          0.          0.          0.          0.          0.    0.          0.          0.          0.          0.          0.    0.          0.          0.          0.          0.          0.    0.          0.          0.          0.          0.          0.    0.          0.          0.          0.          0.          0.    0.          0.          0.          0.          0.          0.    0.          0.          0.          0.          3.27160728  3.27160728    3.27160728  3.17893974  7.72313104  7.72313104  7.72313104  7.72313104    7.72313104  7.72313104  7.32005461  7.32005461  6.38034249 26.10980495   30.64267583 26.10980495 26.10980495 27.26291252 27.26291252 28.93722012   35.09329445 38.63995991 40.         38.23905363 24.32347103 24.32347103   24.32347103 24.32347103  2.94444887  2.94444887  2.94444887  7.89592241    7.89592241  7.89592241  7.89592241  7.89592241  7.89592241  7.89592241
2.0  0.          0.          0.          0.          0.          0.    0.          0.          0.          0.          0.          0.    0.          0.          0.          0.          0.          0.    0.          0.          0.          0.          0.          0.    0.          0.          0.          0.          0.          0.    0.24633889  0.24633889  0.24633889 39.99997946 40.         40.   40.         40.          1.02783677  2.21637821  7.94596038  7.94596038    7.94596038  7.94596038  7.54298455  7.34732851  7.34732851  7.34732851    7.34732851  6.94656069  6.94656069  6.94656069  6.94434478  9.88664214    1.59738357  1.59738357 11.37157852 13.43807111 18.35286911  0.07334632    0.07334632  0.07334632  0.          0.96904514  0.87962964  0.87962964    0.15972508  0.39552197  0.08579875  0.08579875  2.47103213  2.47103213    3.51237234  3.51237234  3.51237234  5.95077789  6.02628687
2.0  0.          0.          0.          0.          0.          0.    0.          0.          0.          0.          0.          0.    0.          0.          0.          0.          0.          0.    0.          0.          0.          0.          0.          0.    0.          0.          0.          0.          0.          0.    0.          0.          0.          0.          0.          0.    0.          0.          0.          1.5122138   1.5122138   1.5122138    1.5122138   1.5122138   1.5122138   1.5122138   1.5122138   1.5122138    1.5122138   1.5122138   1.5122138   1.5122138   1.5122138   1.5122138    0.          0.          0.          0.          2.21203499  2.21203499    0.         21.73354052  0.          0.          0.          0.    0.         28.52567756 28.52567756 28.52567756 28.52567756 28.52567756   40.         40.         40.         40.         40.        
2.0  0.         40.         40.         40.         40.         40.   40.         40.         40.         40.         40.         40.   40.         40.         40.         40.          3.0665209   0.    0.          0.          0.          0.          0.          0.    0.          0.          0.          0.          0.          0.    0.          0.          0.          0.          0.          0.    0.          0.          0.          0.          0.          0.    0.          0.          0.          0.1393648   0.1393648   0.1393648    0.1393648   0.          0.          0.37368719  0.37368719  1.23795567    1.23795567  1.23795567  0.          0.          0.          0.    0.          0.          0.          0.          0.          0.    0.          0.          0.          0.          0.          4.15867428    0.          0.          0.          0.92213956  0.92213956  0.92213956    0.92213956
2.0  0.          0.          0.          0.          0.          0.    0.          0.          0.          0.          0.          0.    0.          0.          0.          0.          0.          0.    0.          0.          0.          0.          0.          0.    0.          0.          0.          0.          0.          0.    1.77061786  1.77061786  1.77061786 40.         40.          1.77061786    1.77061786  1.77061786  8.27093082  8.27093082  8.27093082  8.27093082    8.27093082  2.67024027  2.67024027  2.67024027  0.9362144   0.9362144    0.33647669  0.33647669  1.26754586  1.26754586  1.26754586  1.26754586    1.26754586  0.          4.42741839  4.41931571  4.42555957 13.36354858   13.36354858 20.01848785 19.92434501  9.4412577   9.4412577   8.95978602    2.71265372  0.          0.          0.66147938  0.66147938  0.    0.          0.          0.        
2.0 0.00000000e+00 0.00000000e+00 0.00000000e+00 0.00000000e+00   0.00000000e+00 0.00000000e+00 0.00000000e+00 0.00000000e+00   0.00000000e+00 0.00000000e+00 0.00000000e+00 0.00000000e+00   0.00000000e+00 0.00000000e+00 0.00000000e+00 0.00000000e+00   0.00000000e+00 0.00000000e+00 0.00000000e+00 0.00000000e+00   0.00000000e+00 0.00000000e+00 0.00000000e+00 0.00000000e+00   0.00000000e+00 0.00000000e+00 0.00000000e+00 0.00000000e+00   0.00000000e+00 0.00000000e+00 0.00000000e+00 0.00000000e+00   0.00000000e+00 7.85026748e+00 7.85026748e+00 7.85026748e+00   7.85026748e+00 1.21511566e+01 1.21511566e+01 1.21511566e+01   9.24286723e+00 7.84741069e+00 7.84741069e+00 7.84741069e+00   7.84741069e+00 7.84741069e+00 7.84741069e+00 1.09598680e+01   1.09598680e+01 1.09598680e+01 3.12987603e+00 6.27223285e+00   3.13000374e+00 3.13000374e+00 3.13000374e+00 3.12753878e+00   1.85371661e+00 2.24021609e+00 2.24021609e+00 2.24021609e+00   2.24021609e+00 1.06505465e+00 3.88527108e-01 4.00000000e+01   3.95693903e+01 3.95693903e+01 1.41995640e-04 1.41995640e-04   6.63483171e-02 0.00000000e+00 1.41995640e-04 0.00000000e+00   7.60316741e+00 7.60316741e+00 7.60316741e+00
2.0 0.00000000e+00 0.00000000e+00 0.00000000e+00 0.00000000e+00   0.00000000e+00 0.00000000e+00 0.00000000e+00 0.00000000e+00   0.00000000e+00 0.00000000e+00 0.00000000e+00 0.00000000e+00   0.00000000e+00 0.00000000e+00 0.00000000e+00 0.00000000e+00   0.00000000e+00 0.00000000e+00 0.00000000e+00 0.00000000e+00   0.00000000e+00 0.00000000e+00 0.00000000e+00 0.00000000e+00   0.00000000e+00 0.00000000e+00 0.00000000e+00 0.00000000e+00   0.00000000e+00 0.00000000e+00 0.00000000e+00 0.00000000e+00   0.00000000e+00 0.00000000e+00 0.00000000e+00 0.00000000e+00   3.06843622e-02 3.06843622e-02 1.31802599e+00 1.31802599e+00   1.31802599e+00 1.31802599e+00 1.31802599e+00 1.31802599e+00   1.31802599e+00 2.95392802e+00 2.95392802e+00 2.95392802e+00   9.40531188e+00 4.00000000e+01 3.88958490e+01 3.73007683e+01   0.00000000e+00 4.20536095e-01 4.20536095e-01 4.20536095e-01   1.76420813e+00 1.76420813e+00 9.27909829e-02 0.00000000e+00   0.00000000e+00 0.00000000e+00 0.00000000e+00 0.00000000e+00   1.81699815e+00 1.81699815e+00 2.17710186e+01 1.84101016e+01   1.84101016e+01 1.84101016e+01 1.84350226e+01 4.47765451e-02   4.47765451e-02 4.47765451e-02
2.0 0.00000000e+00 5.80421698e-01 5.80421698e-01 5.80421698e-01   5.80421698e-01 5.80421698e-01 5.80421698e-01 5.80421698e-01   5.80421698e-01 5.80421698e-01 5.80421698e-01 5.80421698e-01   5.80421698e-01 5.80421698e-01 5.80421698e-01 5.80421698e-01   5.80421698e-01 5.80421698e-01 0.00000000e+00 0.00000000e+00   0.00000000e+00 0.00000000e+00 0.00000000e+00 0.00000000e+00   0.00000000e+00 0.00000000e+00 0.00000000e+00 0.00000000e+00   0.00000000e+00 0.00000000e+00 0.00000000e+00 0.00000000e+00   0.00000000e+00 0.00000000e+00 0.00000000e+00 0.00000000e+00   0.00000000e+00 0.00000000e+00 0.00000000e+00 0.00000000e+00   0.00000000e+00 0.00000000e+00 0.00000000e+00 0.00000000e+00   0.00000000e+00 0.00000000e+00 0.00000000e+00 0.00000000e+00   1.34668973e+00 1.34668973e+00 1.34668973e+00 1.34718388e+00   1.34718388e+00 4.81619436e-03 4.81619436e-03 4.81619436e-03   4.81619436e-03 4.81619436e-03 0.00000000e+00 0.00000000e+00   0.00000000e+00 0.00000000e+00 4.81619436e-03 4.81619436e-03   1.58733725e+00 1.58733725e+00 1.58733725e+00 1.76051530e+00   1.89185734e-01 1.84373685e-01 1.00586277e+00 4.00000000e+01   3.64230919e+01 3.64230919e+01 3.64230919e+01 3.64230919e+01   3.64230919e+01
2.0 0.00000000e+00 0.00000000e+00 0.00000000e+00 0.00000000e+00   0.00000000e+00 0.00000000e+00 0.00000000e+00 0.00000000e+00   0.00000000e+00 0.00000000e+00 0.00000000e+00 0.00000000e+00   0.00000000e+00 1.11359542e+00 1.11359542e+00 1.11359542e+00   1.11359542e+00 1.11359542e+00 1.11359542e+00 1.11359542e+00   1.11359542e+00 1.11359542e+00 1.11359542e+00 1.11359542e+00   1.11359542e+00 1.11359542e+00 1.11359542e+00 1.11359542e+00   0.00000000e+00 0.00000000e+00 0.00000000e+00 0.00000000e+00   0.00000000e+00 0.00000000e+00 0.00000000e+00 0.00000000e+00   0.00000000e+00 0.00000000e+00 0.00000000e+00 4.84447228e-01   2.81208387e-02 2.81208387e-02 2.81208387e-02 2.81208387e-02   2.12314660e-01 2.12314660e-01 2.12314660e-01 2.12314660e-01   2.12314660e-01 2.12314660e-01 2.12314660e-01 2.12314660e-01   2.12314660e-01 9.99673384e-01 8.69972987e-01 0.00000000e+00   0.00000000e+00 0.00000000e+00 0.00000000e+00 1.29051500e+01   0.00000000e+00 0.00000000e+00 0.00000000e+00 0.00000000e+00   0.00000000e+00 0.00000000e+00 0.00000000e+00 0.00000000e+00   0.00000000e+00 0.00000000e+00 4.00000000e+01 1.77265875e+01   1.77265875e+01 1.77265875e+01 2.33437582e+01 2.33437582e+01
2.0  0.          0.          0.          0.          0.          0.    0.          0.          0.          0.          0.          0.    5.07834778  5.07834778  5.07834778  5.07834778  5.07834778  5.07834778    5.07834778  5.07834778  5.07834778  5.07834778  5.07834778  5.07834778    5.07834778  5.07834778  5.07834778  5.07834778  5.07834778  0.    0.          0.          0.         38.28207586 38.28207586 38.28207586   38.28207586 38.28207586 38.28207586 38.28207586 38.28207586 38.28207586   38.28207586 38.28207586 38.28207586 40.          4.4688551  40.    4.4688551   4.4688551   4.4688551   4.4688551   4.4688551   4.4688551   17.68875709 20.48713495 17.68875709 17.68875709 17.68875709 13.29608188   13.29608188 13.29608188 13.29608188 13.29608188 13.29608188 13.29608188    0.          0.         26.36521327 39.04141722 17.50248862  4.86998972    4.9016727   4.86998972  4.86998972  5.80314774 29.40236558
2.0  0.          0.          0.          0.          0.          0.    0.          0.          0.          0.          0.          0.    0.          0.          0.          0.          0.          0.    0.          0.          0.          0.          0.          0.    0.          0.          0.          0.          0.          8.32309572    8.32309572  8.32309572  8.32309572  8.32309572  8.32309572  8.32309572    8.32309572  8.32309572  8.32309572  8.32309572  8.67722823  8.67722823   16.5991685  16.5991685   8.32309572 18.09058736 18.09058736  6.65914135    6.65914135  6.65914135  0.          0.          0.          0.    0.          0.          0.          0.          0.          0.    0.          0.          0.          5.01733318  5.01733318  5.01733318    5.01733318  5.01733318  1.69152425  6.68935354  6.68935354  6.68935354    6.68935354  6.68935354 40.         40.         12.25005386 12.25005386
2.0  0.          0.          0.          0.          0.          0.    0.          0.          0.          0.          0.          0.    0.          0.          0.          0.          0.          0.    0.          0.          0.          0.          0.          0.    0.          0.          0.          0.          0.          0.    0.          0.          0.          0.          0.          0.    8.14365698  8.14365698  8.14365698  8.14365698  8.14365698 19.03247266   19.03247266 17.68777642 17.68777642 17.86918485 17.86918485 17.86918485   17.86918485 17.86918485 11.21189924  9.82766498  9.82766498 19.05714555   19.13681718 19.05714555 19.13681718 33.77112367 33.77112367 33.77112367   33.77112367 39.65302555 39.65302555 33.77112367 39.65302555 39.65302555   40.         40.         40.         17.50281177  0.          0.14927008    0.14927008  0.14927008  0.14927008
2.0 0.00000000e+00 2.64246331e+01 2.64246331e+01 4.00000000e+01   4.00000000e+01 4.00000000e+01 4.00000000e+01 4.00000000e+01   4.00000000e+01 4.00000000e+01 4.00000000e+01 4.00000000e+01   4.00000000e+01 4.00000000e+01 1.35794848e+01 4.00000000e+01   1.35794848e+01 1.35794848e+01 1.35794848e+01 1.35794848e+01   0.00000000e+00 0.00000000e+00 0.00000000e+00 0.00000000e+00   0.00000000e+00 0.00000000e+00 0.00000000e+00 0.00000000e+00   0.00000000e+00 0.00000000e+00 0.00000000e+00 0.00000000e+00   0.00000000e+00 0.00000000e+00 0.00000000e+00 0.00000000e+00   0.00000000e+00 0.00000000e+00 0.00000000e+00 0.00000000e+00   0.00000000e+00 0.00000000e+00 4.02169889e-12 4.02169889e-12   9.26637263e-01 9.26637263e-01 9.26637263e-01 9.26637263e-01   4.55170739e+00 1.79653654e+00 1.32055318e+00 1.40271403e+00   2.13203971e+00 8.54420213e-01 8.54420213e-01 8.54420213e-01   9.71174933e+00 9.34386825e+00 9.34386825e+00 9.71912290e+00   9.43738703e+00 9.43738703e+00 9.63071714e-01 9.63071714e-01   9.63071714e-01 9.63071714e-01 1.18119849e+00 0.00000000e+00   0.00000000e+00 0.00000000e+00 0.00000000e+00 2.64312066e+00   2.64312066e+00 0.00000000e+00 0.00000000e+00 0.00000000e+00   0.00000000e+00
2.0  0.          0.          0.          0.          0.          0.    0.          0.          0.          0.          0.          0.    0.          0.          0.          0.          0.          0.    0.          0.40457686  0.40457686  0.          0.          0.    0.          0.          0.          0.          0.          0.    0.          0.          0.          0.          0.          0.    0.          0.          0.          0.          0.         16.70882541   16.70882541 16.70882541 16.70882541 16.70882541 30.70319898 30.70319898   14.94704217 14.94704217 14.94704217 14.94704217 14.94704217  0.22440502    0.          0.          0.          6.74395231  6.75684199  6.75684199    6.75684199 10.15719872 10.15719872  0.          2.09492713  2.09492713    3.96788651  3.96788651 21.58897237 40.         18.85232141  1.20697612    1.20697612  0.          0.          0.          0.        
2.0 0.00000000e+00 0.00000000e+00 0.00000000e+00 0.00000000e+00   0.00000000e+00 0.00000000e+00 0.00000000e+00 0.00000000e+00   0.00000000e+00 0.00000000e+00 0.00000000e+00 0.00000000e+00   0.00000000e+00 0.00000000e+00 0.00000000e+00 0.00000000e+00   0.00000000e+00 0.00000000e+00 0.00000000e+00 0.00000000e+00   0.00000000e+00 0.00000000e+00 0.00000000e+00 0.00000000e+00   0.00000000e+00 0.00000000e+00 0.00000000e+00 0.00000000e+00   0.00000000e+00 0.00000000e+00 0.00000000e+00 0.00000000e+00   0.00000000e+00 0.00000000e+00 0.00000000e+00 0.00000000e+00   0.00000000e+00 0.00000000e+00 9.15357506e+00 1.10247563e+01   1.10247563e+01 1.10247563e+01 1.10247563e+01 4.74153257e+00   4.74153257e+00 5.79453248e+00 5.79453248e+00 5.79453248e+00   2.90632083e+00 2.90632083e+00 2.90632083e+00 1.67367338e+00   1.67367338e+00 0.00000000e+00 1.06271258e+00 7.08201243e-01   0.00000000e+00 0.00000000e+00 0.00000000e+00 5.72197967e+00   5.72197967e+00 5.72197967e+00 5.72197967e+00 5.71801963e+00   3.86022305e-02 3.86022305e-02 3.86022305e-02 3.86022305e-02   0.00000000e+00 1.18943952e+01 1.18943952e+01 4.00000000e+01   3.55522679e+01 3.55522679e+01 8.23736603e+00 8.23736603e+00
2.0 0.00000000e+00 0.00000000e+00 0.00000000e+00 0.00000000e+00   0.00000000e+00 0.00000000e+00 0.00000000e+00 0.00000000e+00   0.00000000e+00 0.00000000e+00 0.00000000e+00 0.00000000e+00   0.00000000e+00 0.00000000e+00 0.00000000e+00 0.00000000e+00   0.00000000e+00 0.00000000e+00 0.00000000e+00 0.00000000e+00   0.00000000e+00 0.00000000e+00 0.00000000e+00 0.00000000e+00   0.00000000e+00 0.00000000e+00 0.00000000e+00 0.00000000e+00   0.00000000e+00 0.00000000e+00 0.00000000e+00 0.00000000e+00   0.00000000e+00 0.00000000e+00 0.00000000e+00 0.00000000e+00   4.89638795e-03 2.17554117e+01 0.00000000e+00 0.00000000e+00   0.00000000e+00 0.00000000e+00 0.00000000e+00 0.00000000e+00   0.00000000e+00 0.00000000e+00 0.00000000e+00 0.00000000e+00   0.00000000e+00 0.00000000e+00 0.00000000e+00 0.00000000e+00   2.90568303e+01 2.90568303e+01 5.67574669e+00 5.67574669e+00   5.67573804e+00 5.67573804e+00 0.00000000e+00 0.00000000e+00   0.00000000e+00 0.00000000e+00 0.00000000e+00 3.31774407e+01   4.00000000e+01 6.93024533e+00 6.93024533e+00 6.93024533e+00   6.93024533e+00 3.69401154e+01 6.93024533e+00 6.93024533e+00   0.00000000e+00 0.00000000e+00 0.00000000e+00 0.00000000e+00
2.0 0.00000000e+00 0.00000000e+00 0.00000000e+00 0.00000000e+00   0.00000000e+00 0.00000000e+00 0.00000000e+00 0.00000000e+00   0.00000000e+00 0.00000000e+00 0.00000000e+00 0.00000000e+00   3.21113136e+00 3.21113136e+00 3.21113136e+00 3.21113136e+00   3.21113136e+00 3.21113136e+00 3.21113136e+00 3.21113136e+00   3.21113136e+00 3.21113136e+00 3.21113136e+00 3.21113136e+00   3.21113136e+00 3.21113136e+00 3.21113136e+00 3.21113136e+00   3.36684857e+00 0.00000000e+00 0.00000000e+00 0.00000000e+00   0.00000000e+00 0.00000000e+00 0.00000000e+00 0.00000000e+00   0.00000000e+00 0.00000000e+00 0.00000000e+00 4.49110392e-04   4.49110392e-04 4.49110392e-04 4.49110392e-04 1.35422062e+00   1.35422062e+00 3.95132198e+00 4.23182462e+00 1.64058485e+00   1.35774750e+00 1.35774750e+00 2.71549265e+00 1.35774515e+00   1.66496283e+00 1.66496283e+00 3.07011560e-01 3.07011560e-01   4.31148178e-01 1.22609545e+01 1.22609545e+01 3.17635840e+01   3.17635840e+01 3.17635840e+01 4.00000000e+01 3.10571080e+01   1.41629642e-01 1.41629642e-01 1.41629642e-01 1.41629642e-01   2.73402486e+01 2.73402766e+01 3.00570475e+00 3.00570475e+00   4.66385281e+00 7.42553675e+00
2.0  0.          0.          0.          0.          0.          0.    0.          0.          0.          0.          0.          0.    0.          0.          0.          0.          0.          0.    0.          0.          0.          0.          0.          0.    0.          0.          0.          0.          0.          0.    0.          0.         24.3403476   4.28662769  4.28662769  4.28662769    4.27848365  4.27848365  4.52507909  4.52507909  4.52507909  4.26870591    4.57612547  3.20480456  3.20480456  3.20480456  3.20482156  3.20482156    0.         10.14957909 10.14957909 10.14957909 10.14957909  0.51930472   10.14957909  0.51930472  0.         20.1935935  20.1935935  20.1935935   34.42286278 34.42286278 40.         39.24916712 24.00392113  5.15185862    5.15185862  0.          0.          0.        
2.0  0.          0.          0.          0.          0.          0.    0.          0.          0.          0.          0.          0.    0.          0.          0.          0.          0.          0.    0.          0.          0.          0.          0.          0.    0.          0.          0.          0.          0.          0.    0.          0.57647553  0.57647553  0.57647553  0.57647553  0.57647553    1.60918562  1.60918562  1.60918562  1.60918562  1.60918562  0.57647553    0.57647553  1.15685973  0.58279861  0.73306101  0.73306101  0.73306101    3.08839889  1.06297999  1.06297999  2.58669457  2.58669457  5.28002314    5.28002314  3.00379681  2.70433056 30.96534421 30.96534421 40.   17.22808007 11.71919558 11.71919558  1.53144     1.53144     2.96445357    2.96445357  2.96445357 28.53767825  0.          0.          0.    0.          0.49892703
2.0  0.          0.71119774  0.71119774  0.71119774  9.76259587  9.76259587    9.76259587  9.76259587  9.76259587  9.76259587  9.76259587  9.76259587    9.76259587  9.76259587  9.76259587  9.76259587  9.05414002  9.05414002    9.05414002  9.05414002  0.          0.          0.          0.    0.          0.          0.          0.          0.          0.    0.          0.          8.95986889  8.95986889  8.95986889  8.95986889    8.95986889  8.95986889  8.95986889  8.95986889  8.95986889  8.95986889    8.95986889  8.95986889  8.95986889  8.95986889  8.95986889  0.    0.          0.          0.          0.          0.          0.    0.          0.          0.         40.         40.          0.    0.          0.81295546  0.81295546  0.81295546  0.          0.    0.          0.          0.          0.          0.          0.    0.          0.          0.          0.        
2.0  0.          0.          0.          0.          0.          0.    0.          0.          0.          0.          0.          0.    0.          0.          0.          0.          0.          0.    0.          0.          0.          0.          0.          0.    0.          0.          0.          0.          0.          0.    0.          0.          0.          0.          0.          0.    0.          0.          0.          8.84053926  8.84053926 10.49845351   10.49845351 10.49845351 10.49845351 10.49845351 10.49845351 10.49845351   12.07889308 11.56483588  3.6538651   1.55324702  1.55324702  1.55324702   11.25770655 11.25770655 40.         19.13846368 19.53674426 19.53674426   17.85309352 17.85309352 17.85309352 17.85309352 13.29180773  1.59033969    2.78274427  2.78274427  1.36470019  1.36470019  1.38000529  0.    0.          0.          0.          0.        
2.0 0.00000000e+00 0.00000000e+00 0.00000000e+00 0.00000000e+00   0.00000000e+00 0.00000000e+00 0.00000000e+00 0.00000000e+00   0.00000000e+00 0.00000000e+00 0.00000000e+00 0.00000000e+00   0.00000000e+00 0.00000000e+00 0.00000000e+00 0.00000000e+00   0.00000000e+00 0.00000000e+00 0.00000000e+00 0.00000000e+00   2.73569688e-11 2.73569688e-11 2.73569688e-11 2.73569688e-11   2.73569688e-11 6.29267428e+00 9.11350963e+00 9.11350963e+00   9.11350963e+00 9.11350963e+00 9.11350963e+00 1.36290155e+01   1.36290155e+01 1.38188008e+01 2.32135557e+01 1.42986711e+01   9.76538874e+00 9.87264825e+00 7.42635733e+00 7.85242495e-01   7.85242495e-01 7.85242495e-01 7.85242495e-01 2.44937524e+01   2.44937524e+01 2.44937524e+01 2.38230009e+01 2.44937524e+01   2.38230009e+01 2.38230009e+01 2.38230009e+01 2.38230009e+01   2.38230009e+01 1.89682318e+01 1.89682318e+01 0.00000000e+00   0.00000000e+00 0.00000000e+00 4.52978415e+00 4.52978415e+00   4.52978415e+00 4.52978415e+00 5.77332291e+00 4.00000000e+01   4.00000000e+01 4.00000000e+01 4.00000000e+01 4.00000000e+01   4.00000000e+01 4.00000000e+01 8.64205661e+00 4.00000000e+01   8.64205661e+00 1.32462514e-01
2.0  0.          0.          0.          0.          0.          0.    0.          0.          0.          0.          0.          0.    0.          0.          0.          0.          0.          0.    0.          0.          0.          0.          0.          0.    0.          0.          0.          0.          0.          0.    0.          0.          0.          0.          0.          0.    0.          0.          0.          0.          0.          0.    0.          0.          0.          0.          0.          0.    0.          0.          0.          0.          0.          0.    0.          0.         23.39832653 23.39832653 23.39832653 23.39832653   23.39832653  7.44978574  0.          0.          0.          0.   40.         40.         40.         40.          9.74838874
